0: 1 60
1: 0 2 61
2: 1 3 62
3: 2 4 63
4: 3 5 64
5: 4 6 65
6: 5 7 66
7: 6 8 67
8: 7 9 68
9: 8 10 69
10: 9 11 70
11: 10 12 71
12: 11 13 72
13: 12 14 73
14: 13 15 74
15: 14 16 75
16: 15 17 76
17: 16 18 77
18: 17 19 78
19: 18 20 79
20: 19 21 80
21: 20 22 81
22: 21 23 82
23: 22 24 83
24: 23 25 84
25: 24 26 85
26: 25 27 86
27: 26 28 87
28: 27 29 88
29: 28 30 89
30: 29 31 90
31: 30 32 91
32: 31 33 92
33: 32 34 93
34: 33 35 94
35: 34 36 95
36: 35 37 96
37: 36 38 97
38: 37 39 98
39: 38 40 99
40: 39 41 100
41: 40 42 101
42: 41 43 102
43: 42 44 103
44: 43 45 104
45: 44 46 105
46: 45 47 106
47: 46 48 107
48: 47 49 108
49: 48 50 109
50: 49 51 110
51: 50 52 111
52: 51 53 112
53: 52 54 113
54: 53 55 114
55: 54 56 115
56: 55 57 116
57: 56 58 117
58: 57 59 118
59: 58 119
60: 0 61 120
61: 1 60 62 121
62: 2 61 63 122
63: 3 62 64 123
64: 4 63 65 124
65: 5 64 66 125
66: 6 65 67 126
67: 7 66 68 127
68: 8 67 69 128
69: 9 68 70 129
70: 10 69 71 130
71: 11 70 72 131
72: 12 71 73 132
73: 13 72 74 133
74: 14 73 75 134
75: 15 74 76 135
76: 16 75 77 136
77: 17 76 78 137
78: 18 77 79 138
79: 19 78 80 139
80: 20 79 81 140
81: 21 80 82 141
82: 22 81 83 142
83: 23 82 84 143
84: 24 83 85 144
85: 25 84 86 145
86: 26 85 87 146
87: 27 86 88 147
88: 28 87 89 148
89: 29 88 90 149
90: 30 89 91 150
91: 31 90 92 151
92: 32 91 93 152
93: 33 92 94 153
94: 34 93 95 154
95: 35 94 96 155
96: 36 95 97 156
97: 37 96 98 157
98: 38 97 99 158
99: 39 98 100 159
100: 40 99 101 160
101: 41 100 102 161
102: 42 101 103 162
103: 43 102 104 163
104: 44 103 105 164
105: 45 104 106 165
106: 46 105 107 166
107: 47 106 108 167
108: 48 107 109 168
109: 49 108 110 169
110: 50 109 111 170
111: 51 110 112 171
112: 52 111 113 172
113: 53 112 114 173
114: 54 113 115 174
115: 55 114 116 175
116: 56 115 117 176
117: 57 116 118 177
118: 58 117 119 178
119: 59 118 179
120: 60 121 180
121: 61 120 122 181
122: 62 121 123 182
123: 63 122 124 183
124: 64 123 125 184
125: 65 124 126 185
126: 66 125 127 186
127: 67 126 128 187
128: 68 127 129 188
129: 69 128 130 189
130: 70 129 131 190
131: 71 130 132 191
132: 72 131 133 192
133: 73 132 134 193
134: 74 133 135 194
135: 75 134 136 195
136: 76 135 137 196
137: 77 136 138 197
138: 78 137 139 198
139: 79 138 140 199
140: 80 139 141 200
141: 81 140 142 201
142: 82 141 143 202
143: 83 142 144 203
144: 84 143 145 204
145: 85 144 146 205
146: 86 145 147 206
147: 87 146 148 207
148: 88 147 149 208
149: 89 148 150 209
150: 90 149 151 210
151: 91 150 152 211
152: 92 151 153 212
153: 93 152 154 213
154: 94 153 155 214
155: 95 154 156 215
156: 96 155 157 216
157: 97 156 158 217
158: 98 157 159 218
159: 99 158 160 219
160: 100 159 161 220
161: 101 160 162 221
162: 102 161 163 222
163: 103 162 164 223
164: 104 163 165 224
165: 105 164 166 225
166: 106 165 167 226
167: 107 166 168 227
168: 108 167 169 228
169: 109 168 170 229
170: 110 169 171 230
171: 111 170 172 231
172: 112 171 173 232
173: 113 172 174 233
174: 114 173 175 234
175: 115 174 176 235
176: 116 175 177 236
177: 117 176 178 237
178: 118 177 179 238
179: 119 178 239
180: 120 181 240
181: 121 180 182 241
182: 122 181 183 242
183: 123 182 184 243
184: 124 183 185 244
185: 125 184 186 245
186: 126 185 187 246
187: 127 186 188 247
188: 128 187 189 248
189: 129 188 190 249
190: 130 189 191 250
191: 131 190 192 251
192: 132 191 193 252
193: 133 192 194 253
194: 134 193 195 254
195: 135 194 196 255
196: 136 195 197 256
197: 137 196 198 257
198: 138 197 199 258
199: 139 198 200 259
200: 140 199 201 260
201: 141 200 202 261
202: 142 201 203 262
203: 143 202 204 263
204: 144 203 205 264
205: 145 204 206 265
206: 146 205 207 266
207: 147 206 208 267
208: 148 207 209 268
209: 149 208 210 269
210: 150 209 211 270
211: 151 210 212 271
212: 152 211 213 272
213: 153 212 214 273
214: 154 213 215 274
215: 155 214 216 275
216: 156 215 217 276
217: 157 216 218 277
218: 158 217 219 278
219: 159 218 220 279
220: 160 219 221 280
221: 161 220 222 281
222: 162 221 223 282
223: 163 222 224 283
224: 164 223 225 284
225: 165 224 226 285
226: 166 225 227 286
227: 167 226 228 287
228: 168 227 229 288
229: 169 228 230 289
230: 170 229 231 290
231: 171 230 232 291
232: 172 231 233 292
233: 173 232 234 293
234: 174 233 235 294
235: 175 234 236 295
236: 176 235 237 296
237: 177 236 238 297
238: 178 237 239 298
239: 179 238 299
240: 180 241 300
241: 181 240 242 301
242: 182 241 243 302
243: 183 242 244 303
244: 184 243 245 304
245: 185 244 246 305
246: 186 245 247 306
247: 187 246 248 307
248: 188 247 249 308
249: 189 248 250 309
250: 190 249 251 310
251: 191 250 252 311
252: 192 251 253 312
253: 193 252 254 313
254: 194 253 255 314
255: 195 254 256 315
256: 196 255 257 316
257: 197 256 258 317
258: 198 257 259 318
259: 199 258 260 319
260: 200 259 261 320
261: 201 260 262 321
262: 202 261 263 322
263: 203 262 264 323
264: 204 263 265 324
265: 205 264 266 325
266: 206 265 267 326
267: 207 266 268 327
268: 208 267 269 328
269: 209 268 270 329
270: 210 269 271 330
271: 211 270 272 331
272: 212 271 273 332
273: 213 272 274 333
274: 214 273 275 334
275: 215 274 276 335
276: 216 275 277 336
277: 217 276 278 337
278: 218 277 279 338
279: 219 278 280 339
280: 220 279 281 340
281: 221 280 282 341
282: 222 281 283 342
283: 223 282 284 343
284: 224 283 285 344
285: 225 284 286 345
286: 226 285 287 346
287: 227 286 288 347
288: 228 287 289 348
289: 229 288 290 349
290: 230 289 291 350
291: 231 290 292 351
292: 232 291 293 352
293: 233 292 294 353
294: 234 293 295 354
295: 235 294 296 355
296: 236 295 297 356
297: 237 296 298 357
298: 238 297 299 358
299: 239 298 359
300: 240 301 360
301: 241 300 302 361
302: 242 301 303 362
303: 243 302 304 363
304: 244 303 305 364
305: 245 304 306 365
306: 246 305 307 366
307: 247 306 308 367
308: 248 307 309 368
309: 249 308 310 369
310: 250 309 311 370
311: 251 310 312 371
312: 252 311 313 372
313: 253 312 314 373
314: 254 313 315 374
315: 255 314 316 375
316: 256 315 317 376
317: 257 316 318 377
318: 258 317 319 378
319: 259 318 320 379
320: 260 319 321 380
321: 261 320 322 381
322: 262 321 323 382
323: 263 322 324 383
324: 264 323 325 384
325: 265 324 326 385
326: 266 325 327 386
327: 267 326 328 387
328: 268 327 329 388
329: 269 328 330 389
330: 270 329 331 390
331: 271 330 332 391
332: 272 331 333 392
333: 273 332 334 393
334: 274 333 335 394
335: 275 334 336 395
336: 276 335 337 396
337: 277 336 338 397
338: 278 337 339 398
339: 279 338 340 399
340: 280 339 341 400
341: 281 340 342 401
342: 282 341 343 402
343: 283 342 344 403
344: 284 343 345 404
345: 285 344 346 405
346: 286 345 347 406
347: 287 346 348 407
348: 288 347 349 408
349: 289 348 350 409
350: 290 349 351 410
351: 291 350 352 411
352: 292 351 353 412
353: 293 352 354 413
354: 294 353 355 414
355: 295 354 356 415
356: 296 355 357 416
357: 297 356 358 417
358: 298 357 359 418
359: 299 358 419
360: 300 361 420
361: 301 360 362 421
362: 302 361 363 422
363: 303 362 364 423
364: 304 363 365 424
365: 305 364 366 425
366: 306 365 367 426
367: 307 366 368 427
368: 308 367 369 428
369: 309 368 370 429
370: 310 369 371 430
371: 311 370 372 431
372: 312 371 373 432
373: 313 372 374 433
374: 314 373 375 434
375: 315 374 376 435
376: 316 375 377 436
377: 317 376 378 437
378: 318 377 379 438
379: 319 378 380 439
380: 320 379 381 440
381: 321 380 382 441
382: 322 381 383 442
383: 323 382 384 443
384: 324 383 385 444
385: 325 384 386 445
386: 326 385 387 446
387: 327 386 388 447
388: 328 387 389 448
389: 329 388 390 449
390: 330 389 391 450
391: 331 390 392 451
392: 332 391 393 452
393: 333 392 394 453
394: 334 393 395 454
395: 335 394 396 455
396: 336 395 397 456
397: 337 396 398 457
398: 338 397 399 458
399: 339 398 400 459
400: 340 399 401 460
401: 341 400 402 461
402: 342 401 403 462
403: 343 402 404 463
404: 344 403 405 464
405: 345 404 406 465
406: 346 405 407 466
407: 347 406 408 467
408: 348 407 409 468
409: 349 408 410 469
410: 350 409 411 470
411: 351 410 412 471
412: 352 411 413 472
413: 353 412 414 473
414: 354 413 415 474
415: 355 414 416 475
416: 356 415 417 476
417: 357 416 418 477
418: 358 417 419 478
419: 359 418 479
420: 360 421 480
421: 361 420 422 481
422: 362 421 423 482
423: 363 422 424 483
424: 364 423 425 484
425: 365 424 426 485
426: 366 425 427 486
427: 367 426 428 487
428: 368 427 429 488
429: 369 428 430 489
430: 370 429 431 490
431: 371 430 432 491
432: 372 431 433 492
433: 373 432 434 493
434: 374 433 435 494
435: 375 434 436 495
436: 376 435 437 496
437: 377 436 438 497
438: 378 437 439 498
439: 379 438 440 499
440: 380 439 441 500
441: 381 440 442 501
442: 382 441 443 502
443: 383 442 444 503
444: 384 443 445 504
445: 385 444 446 505
446: 386 445 447 506
447: 387 446 448 507
448: 388 447 449 508
449: 389 448 450 509
450: 390 449 451 510
451: 391 450 452 511
452: 392 451 453 512
453: 393 452 454 513
454: 394 453 455 514
455: 395 454 456 515
456: 396 455 457 516
457: 397 456 458 517
458: 398 457 459 518
459: 399 458 460 519
460: 400 459 461 520
461: 401 460 462 521
462: 402 461 463 522
463: 403 462 464 523
464: 404 463 465 524
465: 405 464 466 525
466: 406 465 467 526
467: 407 466 468 527
468: 408 467 469 528
469: 409 468 470 529
470: 410 469 471 530
471: 411 470 472 531
472: 412 471 473 532
473: 413 472 474 533
474: 414 473 475 534
475: 415 474 476 535
476: 416 475 477 536
477: 417 476 478 537
478: 418 477 479 538
479: 419 478 539
480: 420 481 540
481: 421 480 482 541
482: 422 481 483 542
483: 423 482 484 543
484: 424 483 485 544
485: 425 484 486 545
486: 426 485 487 546
487: 427 486 488 547
488: 428 487 489 548
489: 429 488 490 549
490: 430 489 491 550
491: 431 490 492 551
492: 432 491 493 552
493: 433 492 494 553
494: 434 493 495 554
495: 435 494 496 555
496: 436 495 497 556
497: 437 496 498 557
498: 438 497 499 558
499: 439 498 500 559
500: 440 499 501 560
501: 441 500 502 561
502: 442 501 503 562
503: 443 502 504 563
504: 444 503 505 564
505: 445 504 506 565
506: 446 505 507 566
507: 447 506 508 567
508: 448 507 509 568
509: 449 508 510 569
510: 450 509 511 570
511: 451 510 512 571
512: 452 511 513 572
513: 453 512 514 573
514: 454 513 515 574
515: 455 514 516 575
516: 456 515 517 576
517: 457 516 518 577
518: 458 517 519 578
519: 459 518 520 579
520: 460 519 521 580
521: 461 520 522 581
522: 462 521 523 582
523: 463 522 524 583
524: 464 523 525 584
525: 465 524 526 585
526: 466 525 527 586
527: 467 526 528 587
528: 468 527 529 588
529: 469 528 530 589
530: 470 529 531 590
531: 471 530 532 591
532: 472 531 533 592
533: 473 532 534 593
534: 474 533 535 594
535: 475 534 536 595
536: 476 535 537 596
537: 477 536 538 597
538: 478 537 539 598
539: 479 538 599
540: 480 541 600
541: 481 540 542 601
542: 482 541 543 602
543: 483 542 544 603
544: 484 543 545 604
545: 485 544 546 605
546: 486 545 547 606
547: 487 546 548 607
548: 488 547 549 608
549: 489 548 550 609
550: 490 549 551 610
551: 491 550 552 611
552: 492 551 553 612
553: 493 552 554 613
554: 494 553 555 614
555: 495 554 556 615
556: 496 555 557 616
557: 497 556 558 617
558: 498 557 559 618
559: 499 558 560 619
560: 500 559 561 620
561: 501 560 562 621
562: 502 561 563 622
563: 503 562 564 623
564: 504 563 565 624
565: 505 564 566 625
566: 506 565 567 626
567: 507 566 568 627
568: 508 567 569 628
569: 509 568 570 629
570: 510 569 571 630
571: 511 570 572 631
572: 512 571 573 632
573: 513 572 574 633
574: 514 573 575 634
575: 515 574 576 635
576: 516 575 577 636
577: 517 576 578 637
578: 518 577 579 638
579: 519 578 580 639
580: 520 579 581 640
581: 521 580 582 641
582: 522 581 583 642
583: 523 582 584 643
584: 524 583 585 644
585: 525 584 586 645
586: 526 585 587 646
587: 527 586 588 647
588: 528 587 589 648
589: 529 588 590 649
590: 530 589 591 650
591: 531 590 592 651
592: 532 591 593 652
593: 533 592 594 653
594: 534 593 595 654
595: 535 594 596 655
596: 536 595 597 656
597: 537 596 598 657
598: 538 597 599 658
599: 539 598 659
600: 540 601 660
601: 541 600 602 661
602: 542 601 603 662
603: 543 602 604 663
604: 544 603 605 664
605: 545 604 606 665
606: 546 605 607 666
607: 547 606 608 667
608: 548 607 609 668
609: 549 608 610 669
610: 550 609 611 670
611: 551 610 612 671
612: 552 611 613 672
613: 553 612 614 673
614: 554 613 615 674
615: 555 614 616 675
616: 556 615 617 676
617: 557 616 618 677
618: 558 617 619 678
619: 559 618 620 679
620: 560 619 621 680
621: 561 620 622 681
622: 562 621 623 682
623: 563 622 624 683
624: 564 623 625 684
625: 565 624 626 685
626: 566 625 627 686
627: 567 626 628 687
628: 568 627 629 688
629: 569 628 630 689
630: 570 629 631 690
631: 571 630 632 691
632: 572 631 633 692
633: 573 632 634 693
634: 574 633 635 694
635: 575 634 636 695
636: 576 635 637 696
637: 577 636 638 697
638: 578 637 639 698
639: 579 638 640 699
640: 580 639 641 700
641: 581 640 642 701
642: 582 641 643 702
643: 583 642 644 703
644: 584 643 645 704
645: 585 644 646 705
646: 586 645 647 706
647: 587 646 648 707
648: 588 647 649 708
649: 589 648 650 709
650: 590 649 651 710
651: 591 650 652 711
652: 592 651 653 712
653: 593 652 654 713
654: 594 653 655 714
655: 595 654 656 715
656: 596 655 657 716
657: 597 656 658 717
658: 598 657 659 718
659: 599 658 719
660: 600 661 720
661: 601 660 662 721
662: 602 661 663 722
663: 603 662 664 723
664: 604 663 665 724
665: 605 664 666 725
666: 606 665 667 726
667: 607 666 668 727
668: 608 667 669 728
669: 609 668 670 729
670: 610 669 671 730
671: 611 670 672 731
672: 612 671 673 732
673: 613 672 674 733
674: 614 673 675 734
675: 615 674 676 735
676: 616 675 677 736
677: 617 676 678 737
678: 618 677 679 738
679: 619 678 680 739
680: 620 679 681 740
681: 621 680 682 741
682: 622 681 683 742
683: 623 682 684 743
684: 624 683 685 744
685: 625 684 686 745
686: 626 685 687 746
687: 627 686 688 747
688: 628 687 689 748
689: 629 688 690 749
690: 630 689 691 750
691: 631 690 692 751
692: 632 691 693 752
693: 633 692 694 753
694: 634 693 695 754
695: 635 694 696 755
696: 636 695 697 756
697: 637 696 698 757
698: 638 697 699 758
699: 639 698 700 759
700: 640 699 701 760
701: 641 700 702 761
702: 642 701 703 762
703: 643 702 704 763
704: 644 703 705 764
705: 645 704 706 765
706: 646 705 707 766
707: 647 706 708 767
708: 648 707 709 768
709: 649 708 710 769
710: 650 709 711 770
711: 651 710 712 771
712: 652 711 713 772
713: 653 712 714 773
714: 654 713 715 774
715: 655 714 716 775
716: 656 715 717 776
717: 657 716 718 777
718: 658 717 719 778
719: 659 718 779
720: 660 721 780
721: 661 720 722 781
722: 662 721 723 782
723: 663 722 724 783
724: 664 723 725 784
725: 665 724 726 785
726: 666 725 727 786
727: 667 726 728 787
728: 668 727 729 788
729: 669 728 730 789
730: 670 729 731 790
731: 671 730 732 791
732: 672 731 733 792
733: 673 732 734 793
734: 674 733 735 794
735: 675 734 736 795
736: 676 735 737 796
737: 677 736 738 797
738: 678 737 739 798
739: 679 738 740 799
740: 680 739 741 800
741: 681 740 742 801
742: 682 741 743 802
743: 683 742 744 803
744: 684 743 745 804
745: 685 744 746 805
746: 686 745 747 806
747: 687 746 748 807
748: 688 747 749 808
749: 689 748 750 809
750: 690 749 751 810
751: 691 750 752 811
752: 692 751 753 812
753: 693 752 754 813
754: 694 753 755 814
755: 695 754 756 815
756: 696 755 757 816
757: 697 756 758 817
758: 698 757 759 818
759: 699 758 760 819
760: 700 759 761 820
761: 701 760 762 821
762: 702 761 763 822
763: 703 762 764 823
764: 704 763 765 824
765: 705 764 766 825
766: 706 765 767 826
767: 707 766 768 827
768: 708 767 769 828
769: 709 768 770 829
770: 710 769 771 830
771: 711 770 772 831
772: 712 771 773 832
773: 713 772 774 833
774: 714 773 775 834
775: 715 774 776 835
776: 716 775 777 836
777: 717 776 778 837
778: 718 777 779 838
779: 719 778 839
780: 720 781 840
781: 721 780 782 841
782: 722 781 783 842
783: 723 782 784 843
784: 724 783 785 844
785: 725 784 786 845
786: 726 785 787 846
787: 727 786 788 847
788: 728 787 789 848
789: 729 788 790 849
790: 730 789 791 850
791: 731 790 792 851
792: 732 791 793 852
793: 733 792 794 853
794: 734 793 795 854
795: 735 794 796 855
796: 736 795 797 856
797: 737 796 798 857
798: 738 797 799 858
799: 739 798 800 859
800: 740 799 801 860
801: 741 800 802 861
802: 742 801 803 862
803: 743 802 804 863
804: 744 803 805 864
805: 745 804 806 865
806: 746 805 807 866
807: 747 806 808 867
808: 748 807 809 868
809: 749 808 810 869
810: 750 809 811 870
811: 751 810 812 871
812: 752 811 813 872
813: 753 812 814 873
814: 754 813 815 874
815: 755 814 816 875
816: 756 815 817 876
817: 757 816 818 877
818: 758 817 819 878
819: 759 818 820 879
820: 760 819 821 880
821: 761 820 822 881
822: 762 821 823 882
823: 763 822 824 883
824: 764 823 825 884
825: 765 824 826 885
826: 766 825 827 886
827: 767 826 828 887
828: 768 827 829 888
829: 769 828 830 889
830: 770 829 831 890
831: 771 830 832 891
832: 772 831 833 892
833: 773 832 834 893
834: 774 833 835 894
835: 775 834 836 895
836: 776 835 837 896
837: 777 836 838 897
838: 778 837 839 898
839: 779 838 899
840: 780 841 900
841: 781 840 842 901
842: 782 841 843 902
843: 783 842 844 903
844: 784 843 845 904
845: 785 844 846 905
846: 786 845 847 906
847: 787 846 848 907
848: 788 847 849 908
849: 789 848 850 909
850: 790 849 851 910
851: 791 850 852 911
852: 792 851 853 912
853: 793 852 854 913
854: 794 853 855 914
855: 795 854 856 915
856: 796 855 857 916
857: 797 856 858 917
858: 798 857 859 918
859: 799 858 860 919
860: 800 859 861 920
861: 801 860 862 921
862: 802 861 863 922
863: 803 862 864 923
864: 804 863 865 924
865: 805 864 866 925
866: 806 865 867 926
867: 807 866 868 927
868: 808 867 869 928
869: 809 868 870 929
870: 810 869 871 930
871: 811 870 872 931
872: 812 871 873 932
873: 813 872 874 933
874: 814 873 875 934
875: 815 874 876 935
876: 816 875 877 936
877: 817 876 878 937
878: 818 877 879 938
879: 819 878 880 939
880: 820 879 881 940
881: 821 880 882 941
882: 822 881 883 942
883: 823 882 884 943
884: 824 883 885 944
885: 825 884 886 945
886: 826 885 887 946
887: 827 886 888 947
888: 828 887 889 948
889: 829 888 890 949
890: 830 889 891 950
891: 831 890 892 951
892: 832 891 893 952
893: 833 892 894 953
894: 834 893 895 954
895: 835 894 896 955
896: 836 895 897 956
897: 837 896 898 957
898: 838 897 899 958
899: 839 898 959
900: 840 901 960
901: 841 900 902 961
902: 842 901 903 962
903: 843 902 904 963
904: 844 903 905 964
905: 845 904 906 965
906: 846 905 907 966
907: 847 906 908 967
908: 848 907 909 968
909: 849 908 910 969
910: 850 909 911 970
911: 851 910 912 971
912: 852 911 913 972
913: 853 912 914 973
914: 854 913 915 974
915: 855 914 916 975
916: 856 915 917 976
917: 857 916 918 977
918: 858 917 919 978
919: 859 918 920 979
920: 860 919 921 980
921: 861 920 922 981
922: 862 921 923 982
923: 863 922 924 983
924: 864 923 925 984
925: 865 924 926 985
926: 866 925 927 986
927: 867 926 928 987
928: 868 927 929 988
929: 869 928 930 989
930: 870 929 931 990
931: 871 930 932 991
932: 872 931 933 992
933: 873 932 934 993
934: 874 933 935 994
935: 875 934 936 995
936: 876 935 937 996
937: 877 936 938 997
938: 878 937 939 998
939: 879 938 940 999
940: 880 939 941 1000
941: 881 940 942 1001
942: 882 941 943 1002
943: 883 942 944 1003
944: 884 943 945 1004
945: 885 944 946 1005
946: 886 945 947 1006
947: 887 946 948 1007
948: 888 947 949 1008
949: 889 948 950 1009
950: 890 949 951 1010
951: 891 950 952 1011
952: 892 951 953 1012
953: 893 952 954 1013
954: 894 953 955 1014
955: 895 954 956 1015
956: 896 955 957 1016
957: 897 956 958 1017
958: 898 957 959 1018
959: 899 958 1019
960: 900 961 1020
961: 901 960 962 1021
962: 902 961 963 1022
963: 903 962 964 1023
964: 904 963 965 1024
965: 905 964 966 1025
966: 906 965 967 1026
967: 907 966 968 1027
968: 908 967 969 1028
969: 909 968 970 1029
970: 910 969 971 1030
971: 911 970 972 1031
972: 912 971 973 1032
973: 913 972 974 1033
974: 914 973 975 1034
975: 915 974 976 1035
976: 916 975 977 1036
977: 917 976 978 1037
978: 918 977 979 1038
979: 919 978 980 1039
980: 920 979 981 1040
981: 921 980 982 1041
982: 922 981 983 1042
983: 923 982 984 1043
984: 924 983 985 1044
985: 925 984 986 1045
986: 926 985 987 1046
987: 927 986 988 1047
988: 928 987 989 1048
989: 929 988 990 1049
990: 930 989 991 1050
991: 931 990 992 1051
992: 932 991 993 1052
993: 933 992 994 1053
994: 934 993 995 1054
995: 935 994 996 1055
996: 936 995 997 1056
997: 937 996 998 1057
998: 938 997 999 1058
999: 939 998 1000 1059
1000: 940 999 1001 1060
1001: 941 1000 1002 1061
1002: 942 1001 1003 1062
1003: 943 1002 1004 1063
1004: 944 1003 1005 1064
1005: 945 1004 1006 1065
1006: 946 1005 1007 1066
1007: 947 1006 1008 1067
1008: 948 1007 1009 1068
1009: 949 1008 1010 1069
1010: 950 1009 1011 1070
1011: 951 1010 1012 1071
1012: 952 1011 1013 1072
1013: 953 1012 1014 1073
1014: 954 1013 1015 1074
1015: 955 1014 1016 1075
1016: 956 1015 1017 1076
1017: 957 1016 1018 1077
1018: 958 1017 1019 1078
1019: 959 1018 1079
1020: 960 1021 1080
1021: 961 1020 1022 1081
1022: 962 1021 1023 1082
1023: 963 1022 1024 1083
1024: 964 1023 1025 1084
1025: 965 1024 1026 1085
1026: 966 1025 1027 1086
1027: 967 1026 1028 1087
1028: 968 1027 1029 1088
1029: 969 1028 1030 1089
1030: 970 1029 1031 1090
1031: 971 1030 1032 1091
1032: 972 1031 1033 1092
1033: 973 1032 1034 1093
1034: 974 1033 1035 1094
1035: 975 1034 1036 1095
1036: 976 1035 1037 1096
1037: 977 1036 1038 1097
1038: 978 1037 1039 1098
1039: 979 1038 1040 1099
1040: 980 1039 1041 1100
1041: 981 1040 1042 1101
1042: 982 1041 1043 1102
1043: 983 1042 1044 1103
1044: 984 1043 1045 1104
1045: 985 1044 1046 1105
1046: 986 1045 1047 1106
1047: 987 1046 1048 1107
1048: 988 1047 1049 1108
1049: 989 1048 1050 1109
1050: 990 1049 1051 1110
1051: 991 1050 1052 1111
1052: 992 1051 1053 1112
1053: 993 1052 1054 1113
1054: 994 1053 1055 1114
1055: 995 1054 1056 1115
1056: 996 1055 1057 1116
1057: 997 1056 1058 1117
1058: 998 1057 1059 1118
1059: 999 1058 1060 1119
1060: 1000 1059 1061 1120
1061: 1001 1060 1062 1121
1062: 1002 1061 1063 1122
1063: 1003 1062 1064 1123
1064: 1004 1063 1065 1124
1065: 1005 1064 1066 1125
1066: 1006 1065 1067 1126
1067: 1007 1066 1068 1127
1068: 1008 1067 1069 1128
1069: 1009 1068 1070 1129
1070: 1010 1069 1071 1130
1071: 1011 1070 1072 1131
1072: 1012 1071 1073 1132
1073: 1013 1072 1074 1133
1074: 1014 1073 1075 1134
1075: 1015 1074 1076 1135
1076: 1016 1075 1077 1136
1077: 1017 1076 1078 1137
1078: 1018 1077 1079 1138
1079: 1019 1078 1139
1080: 1020 1081 1140
1081: 1021 1080 1082 1141
1082: 1022 1081 1083 1142
1083: 1023 1082 1084 1143
1084: 1024 1083 1085 1144
1085: 1025 1084 1086 1145
1086: 1026 1085 1087 1146
1087: 1027 1086 1088 1147
1088: 1028 1087 1089 1148
1089: 1029 1088 1090 1149
1090: 1030 1089 1091 1150
1091: 1031 1090 1092 1151
1092: 1032 1091 1093 1152
1093: 1033 1092 1094 1153
1094: 1034 1093 1095 1154
1095: 1035 1094 1096 1155
1096: 1036 1095 1097 1156
1097: 1037 1096 1098 1157
1098: 1038 1097 1099 1158
1099: 1039 1098 1100 1159
1100: 1040 1099 1101 1160
1101: 1041 1100 1102 1161
1102: 1042 1101 1103 1162
1103: 1043 1102 1104 1163
1104: 1044 1103 1105 1164
1105: 1045 1104 1106 1165
1106: 1046 1105 1107 1166
1107: 1047 1106 1108 1167
1108: 1048 1107 1109 1168
1109: 1049 1108 1110 1169
1110: 1050 1109 1111 1170
1111: 1051 1110 1112 1171
1112: 1052 1111 1113 1172
1113: 1053 1112 1114 1173
1114: 1054 1113 1115 1174
1115: 1055 1114 1116 1175
1116: 1056 1115 1117 1176
1117: 1057 1116 1118 1177
1118: 1058 1117 1119 1178
1119: 1059 1118 1120 1179
1120: 1060 1119 1121 1180
1121: 1061 1120 1122 1181
1122: 1062 1121 1123 1182
1123: 1063 1122 1124 1183
1124: 1064 1123 1125 1184
1125: 1065 1124 1126 1185
1126: 1066 1125 1127 1186
1127: 1067 1126 1128 1187
1128: 1068 1127 1129 1188
1129: 1069 1128 1130 1189
1130: 1070 1129 1131 1190
1131: 1071 1130 1132 1191
1132: 1072 1131 1133 1192
1133: 1073 1132 1134 1193
1134: 1074 1133 1135 1194
1135: 1075 1134 1136 1195
1136: 1076 1135 1137 1196
1137: 1077 1136 1138 1197
1138: 1078 1137 1139 1198
1139: 1079 1138 1199
1140: 1080 1141 1200
1141: 1081 1140 1142 1201
1142: 1082 1141 1143 1202
1143: 1083 1142 1144 1203
1144: 1084 1143 1145 1204
1145: 1085 1144 1146 1205
1146: 1086 1145 1147 1206
1147: 1087 1146 1148 1207
1148: 1088 1147 1149 1208
1149: 1089 1148 1150 1209
1150: 1090 1149 1151 1210
1151: 1091 1150 1152 1211
1152: 1092 1151 1153 1212
1153: 1093 1152 1154 1213
1154: 1094 1153 1155 1214
1155: 1095 1154 1156 1215
1156: 1096 1155 1157 1216
1157: 1097 1156 1158 1217
1158: 1098 1157 1159 1218
1159: 1099 1158 1160 1219
1160: 1100 1159 1161 1220
1161: 1101 1160 1162 1221
1162: 1102 1161 1163 1222
1163: 1103 1162 1164 1223
1164: 1104 1163 1165 1224
1165: 1105 1164 1166 1225
1166: 1106 1165 1167 1226
1167: 1107 1166 1168 1227
1168: 1108 1167 1169 1228
1169: 1109 1168 1170 1229
1170: 1110 1169 1171 1230
1171: 1111 1170 1172 1231
1172: 1112 1171 1173 1232
1173: 1113 1172 1174 1233
1174: 1114 1173 1175 1234
1175: 1115 1174 1176 1235
1176: 1116 1175 1177 1236
1177: 1117 1176 1178 1237
1178: 1118 1177 1179 1238
1179: 1119 1178 1180 1239
1180: 1120 1179 1181 1240
1181: 1121 1180 1182 1241
1182: 1122 1181 1183 1242
1183: 1123 1182 1184 1243
1184: 1124 1183 1185 1244
1185: 1125 1184 1186 1245
1186: 1126 1185 1187 1246
1187: 1127 1186 1188 1247
1188: 1128 1187 1189 1248
1189: 1129 1188 1190 1249
1190: 1130 1189 1191 1250
1191: 1131 1190 1192 1251
1192: 1132 1191 1193 1252
1193: 1133 1192 1194 1253
1194: 1134 1193 1195 1254
1195: 1135 1194 1196 1255
1196: 1136 1195 1197 1256
1197: 1137 1196 1198 1257
1198: 1138 1197 1199 1258
1199: 1139 1198 1259
1200: 1140 1201 1260
1201: 1141 1200 1202 1261
1202: 1142 1201 1203 1262
1203: 1143 1202 1204 1263
1204: 1144 1203 1205 1264
1205: 1145 1204 1206 1265
1206: 1146 1205 1207 1266
1207: 1147 1206 1208 1267
1208: 1148 1207 1209 1268
1209: 1149 1208 1210 1269
1210: 1150 1209 1211 1270
1211: 1151 1210 1212 1271
1212: 1152 1211 1213 1272
1213: 1153 1212 1214 1273
1214: 1154 1213 1215 1274
1215: 1155 1214 1216 1275
1216: 1156 1215 1217 1276
1217: 1157 1216 1218 1277
1218: 1158 1217 1219 1278
1219: 1159 1218 1220 1279
1220: 1160 1219 1221 1280
1221: 1161 1220 1222 1281
1222: 1162 1221 1223 1282
1223: 1163 1222 1224 1283
1224: 1164 1223 1225 1284
1225: 1165 1224 1226 1285
1226: 1166 1225 1227 1286
1227: 1167 1226 1228 1287
1228: 1168 1227 1229 1288
1229: 1169 1228 1230 1289
1230: 1170 1229 1231 1290
1231: 1171 1230 1232 1291
1232: 1172 1231 1233 1292
1233: 1173 1232 1234 1293
1234: 1174 1233 1235 1294
1235: 1175 1234 1236 1295
1236: 1176 1235 1237 1296
1237: 1177 1236 1238 1297
1238: 1178 1237 1239 1298
1239: 1179 1238 1240 1299
1240: 1180 1239 1241 1300
1241: 1181 1240 1242 1301
1242: 1182 1241 1243 1302
1243: 1183 1242 1244 1303
1244: 1184 1243 1245 1304
1245: 1185 1244 1246 1305
1246: 1186 1245 1247 1306
1247: 1187 1246 1248 1307
1248: 1188 1247 1249 1308
1249: 1189 1248 1250 1309
1250: 1190 1249 1251 1310
1251: 1191 1250 1252 1311
1252: 1192 1251 1253 1312
1253: 1193 1252 1254 1313
1254: 1194 1253 1255 1314
1255: 1195 1254 1256 1315
1256: 1196 1255 1257 1316
1257: 1197 1256 1258 1317
1258: 1198 1257 1259 1318
1259: 1199 1258 1319
1260: 1200 1261 1320
1261: 1201 1260 1262 1321
1262: 1202 1261 1263 1322
1263: 1203 1262 1264 1323
1264: 1204 1263 1265 1324
1265: 1205 1264 1266 1325
1266: 1206 1265 1267 1326
1267: 1207 1266 1268 1327
1268: 1208 1267 1269 1328
1269: 1209 1268 1270 1329
1270: 1210 1269 1271 1330
1271: 1211 1270 1272 1331
1272: 1212 1271 1273 1332
1273: 1213 1272 1274 1333
1274: 1214 1273 1275 1334
1275: 1215 1274 1276 1335
1276: 1216 1275 1277 1336
1277: 1217 1276 1278 1337
1278: 1218 1277 1279 1338
1279: 1219 1278 1280 1339
1280: 1220 1279 1281 1340
1281: 1221 1280 1282 1341
1282: 1222 1281 1283 1342
1283: 1223 1282 1284 1343
1284: 1224 1283 1285 1344
1285: 1225 1284 1286 1345
1286: 1226 1285 1287 1346
1287: 1227 1286 1288 1347
1288: 1228 1287 1289 1348
1289: 1229 1288 1290 1349
1290: 1230 1289 1291 1350
1291: 1231 1290 1292 1351
1292: 1232 1291 1293 1352
1293: 1233 1292 1294 1353
1294: 1234 1293 1295 1354
1295: 1235 1294 1296 1355
1296: 1236 1295 1297 1356
1297: 1237 1296 1298 1357
1298: 1238 1297 1299 1358
1299: 1239 1298 1300 1359
1300: 1240 1299 1301 1360
1301: 1241 1300 1302 1361
1302: 1242 1301 1303 1362
1303: 1243 1302 1304 1363
1304: 1244 1303 1305 1364
1305: 1245 1304 1306 1365
1306: 1246 1305 1307 1366
1307: 1247 1306 1308 1367
1308: 1248 1307 1309 1368
1309: 1249 1308 1310 1369
1310: 1250 1309 1311 1370
1311: 1251 1310 1312 1371
1312: 1252 1311 1313 1372
1313: 1253 1312 1314 1373
1314: 1254 1313 1315 1374
1315: 1255 1314 1316 1375
1316: 1256 1315 1317 1376
1317: 1257 1316 1318 1377
1318: 1258 1317 1319 1378
1319: 1259 1318 1379
1320: 1260 1321 1380
1321: 1261 1320 1322 1381
1322: 1262 1321 1323 1382
1323: 1263 1322 1324 1383
1324: 1264 1323 1325 1384
1325: 1265 1324 1326 1385
1326: 1266 1325 1327 1386
1327: 1267 1326 1328 1387
1328: 1268 1327 1329 1388
1329: 1269 1328 1330 1389
1330: 1270 1329 1331 1390
1331: 1271 1330 1332 1391
1332: 1272 1331 1333 1392
1333: 1273 1332 1334 1393
1334: 1274 1333 1335 1394
1335: 1275 1334 1336 1395
1336: 1276 1335 1337 1396
1337: 1277 1336 1338 1397
1338: 1278 1337 1339 1398
1339: 1279 1338 1340 1399
1340: 1280 1339 1341 1400
1341: 1281 1340 1342 1401
1342: 1282 1341 1343 1402
1343: 1283 1342 1344 1403
1344: 1284 1343 1345 1404
1345: 1285 1344 1346 1405
1346: 1286 1345 1347 1406
1347: 1287 1346 1348 1407
1348: 1288 1347 1349 1408
1349: 1289 1348 1350 1409
1350: 1290 1349 1351 1410
1351: 1291 1350 1352 1411
1352: 1292 1351 1353 1412
1353: 1293 1352 1354 1413
1354: 1294 1353 1355 1414
1355: 1295 1354 1356 1415
1356: 1296 1355 1357 1416
1357: 1297 1356 1358 1417
1358: 1298 1357 1359 1418
1359: 1299 1358 1360 1419
1360: 1300 1359 1361 1420
1361: 1301 1360 1362 1421
1362: 1302 1361 1363 1422
1363: 1303 1362 1364 1423
1364: 1304 1363 1365 1424
1365: 1305 1364 1366 1425
1366: 1306 1365 1367 1426
1367: 1307 1366 1368 1427
1368: 1308 1367 1369 1428
1369: 1309 1368 1370 1429
1370: 1310 1369 1371 1430
1371: 1311 1370 1372 1431
1372: 1312 1371 1373 1432
1373: 1313 1372 1374 1433
1374: 1314 1373 1375 1434
1375: 1315 1374 1376 1435
1376: 1316 1375 1377 1436
1377: 1317 1376 1378 1437
1378: 1318 1377 1379 1438
1379: 1319 1378 1439
1380: 1320 1381 1440
1381: 1321 1380 1382 1441
1382: 1322 1381 1383 1442
1383: 1323 1382 1384 1443
1384: 1324 1383 1385 1444
1385: 1325 1384 1386 1445
1386: 1326 1385 1387 1446
1387: 1327 1386 1388 1447
1388: 1328 1387 1389 1448
1389: 1329 1388 1390 1449
1390: 1330 1389 1391 1450
1391: 1331 1390 1392 1451
1392: 1332 1391 1393 1452
1393: 1333 1392 1394 1453
1394: 1334 1393 1395 1454
1395: 1335 1394 1396 1455
1396: 1336 1395 1397 1456
1397: 1337 1396 1398 1457
1398: 1338 1397 1399 1458
1399: 1339 1398 1400 1459
1400: 1340 1399 1401 1460
1401: 1341 1400 1402 1461
1402: 1342 1401 1403 1462
1403: 1343 1402 1404 1463
1404: 1344 1403 1405 1464
1405: 1345 1404 1406 1465
1406: 1346 1405 1407 1466
1407: 1347 1406 1408 1467
1408: 1348 1407 1409 1468
1409: 1349 1408 1410 1469
1410: 1350 1409 1411 1470
1411: 1351 1410 1412 1471
1412: 1352 1411 1413 1472
1413: 1353 1412 1414 1473
1414: 1354 1413 1415 1474
1415: 1355 1414 1416 1475
1416: 1356 1415 1417 1476
1417: 1357 1416 1418 1477
1418: 1358 1417 1419 1478
1419: 1359 1418 1420 1479
1420: 1360 1419 1421 1480
1421: 1361 1420 1422 1481
1422: 1362 1421 1423 1482
1423: 1363 1422 1424 1483
1424: 1364 1423 1425 1484
1425: 1365 1424 1426 1485
1426: 1366 1425 1427 1486
1427: 1367 1426 1428 1487
1428: 1368 1427 1429 1488
1429: 1369 1428 1430 1489
1430: 1370 1429 1431 1490
1431: 1371 1430 1432 1491
1432: 1372 1431 1433 1492
1433: 1373 1432 1434 1493
1434: 1374 1433 1435 1494
1435: 1375 1434 1436 1495
1436: 1376 1435 1437 1496
1437: 1377 1436 1438 1497
1438: 1378 1437 1439 1498
1439: 1379 1438 1499
1440: 1380 1441 1500
1441: 1381 1440 1442 1501
1442: 1382 1441 1443 1502
1443: 1383 1442 1444 1503
1444: 1384 1443 1445 1504
1445: 1385 1444 1446 1505
1446: 1386 1445 1447 1506
1447: 1387 1446 1448 1507
1448: 1388 1447 1449 1508
1449: 1389 1448 1450 1509
1450: 1390 1449 1451 1510
1451: 1391 1450 1452 1511
1452: 1392 1451 1453 1512
1453: 1393 1452 1454 1513
1454: 1394 1453 1455 1514
1455: 1395 1454 1456 1515
1456: 1396 1455 1457 1516
1457: 1397 1456 1458 1517
1458: 1398 1457 1459 1518
1459: 1399 1458 1460 1519
1460: 1400 1459 1461 1520
1461: 1401 1460 1462 1521
1462: 1402 1461 1463 1522
1463: 1403 1462 1464 1523
1464: 1404 1463 1465 1524
1465: 1405 1464 1466 1525
1466: 1406 1465 1467 1526
1467: 1407 1466 1468 1527
1468: 1408 1467 1469 1528
1469: 1409 1468 1470 1529
1470: 1410 1469 1471 1530
1471: 1411 1470 1472 1531
1472: 1412 1471 1473 1532
1473: 1413 1472 1474 1533
1474: 1414 1473 1475 1534
1475: 1415 1474 1476 1535
1476: 1416 1475 1477 1536
1477: 1417 1476 1478 1537
1478: 1418 1477 1479 1538
1479: 1419 1478 1480 1539
1480: 1420 1479 1481 1540
1481: 1421 1480 1482 1541
1482: 1422 1481 1483 1542
1483: 1423 1482 1484 1543
1484: 1424 1483 1485 1544
1485: 1425 1484 1486 1545
1486: 1426 1485 1487 1546
1487: 1427 1486 1488 1547
1488: 1428 1487 1489 1548
1489: 1429 1488 1490 1549
1490: 1430 1489 1491 1550
1491: 1431 1490 1492 1551
1492: 1432 1491 1493 1552
1493: 1433 1492 1494 1553
1494: 1434 1493 1495 1554
1495: 1435 1494 1496 1555
1496: 1436 1495 1497 1556
1497: 1437 1496 1498 1557
1498: 1438 1497 1499 1558
1499: 1439 1498 1559
1500: 1440 1501 1560
1501: 1441 1500 1502 1561
1502: 1442 1501 1503 1562
1503: 1443 1502 1504 1563
1504: 1444 1503 1505 1564
1505: 1445 1504 1506 1565
1506: 1446 1505 1507 1566
1507: 1447 1506 1508 1567
1508: 1448 1507 1509 1568
1509: 1449 1508 1510 1569
1510: 1450 1509 1511 1570
1511: 1451 1510 1512 1571
1512: 1452 1511 1513 1572
1513: 1453 1512 1514 1573
1514: 1454 1513 1515 1574
1515: 1455 1514 1516 1575
1516: 1456 1515 1517 1576
1517: 1457 1516 1518 1577
1518: 1458 1517 1519 1578
1519: 1459 1518 1520 1579
1520: 1460 1519 1521 1580
1521: 1461 1520 1522 1581
1522: 1462 1521 1523 1582
1523: 1463 1522 1524 1583
1524: 1464 1523 1525 1584
1525: 1465 1524 1526 1585
1526: 1466 1525 1527 1586
1527: 1467 1526 1528 1587
1528: 1468 1527 1529 1588
1529: 1469 1528 1530 1589
1530: 1470 1529 1531 1590
1531: 1471 1530 1532 1591
1532: 1472 1531 1533 1592
1533: 1473 1532 1534 1593
1534: 1474 1533 1535 1594
1535: 1475 1534 1536 1595
1536: 1476 1535 1537 1596
1537: 1477 1536 1538 1597
1538: 1478 1537 1539 1598
1539: 1479 1538 1540 1599
1540: 1480 1539 1541 1600
1541: 1481 1540 1542 1601
1542: 1482 1541 1543 1602
1543: 1483 1542 1544 1603
1544: 1484 1543 1545 1604
1545: 1485 1544 1546 1605
1546: 1486 1545 1547 1606
1547: 1487 1546 1548 1607
1548: 1488 1547 1549 1608
1549: 1489 1548 1550 1609
1550: 1490 1549 1551 1610
1551: 1491 1550 1552 1611
1552: 1492 1551 1553 1612
1553: 1493 1552 1554 1613
1554: 1494 1553 1555 1614
1555: 1495 1554 1556 1615
1556: 1496 1555 1557 1616
1557: 1497 1556 1558 1617
1558: 1498 1557 1559 1618
1559: 1499 1558 1619
1560: 1500 1561 1620
1561: 1501 1560 1562 1621
1562: 1502 1561 1563 1622
1563: 1503 1562 1564 1623
1564: 1504 1563 1565 1624
1565: 1505 1564 1566 1625
1566: 1506 1565 1567 1626
1567: 1507 1566 1568 1627
1568: 1508 1567 1569 1628
1569: 1509 1568 1570 1629
1570: 1510 1569 1571 1630
1571: 1511 1570 1572 1631
1572: 1512 1571 1573 1632
1573: 1513 1572 1574 1633
1574: 1514 1573 1575 1634
1575: 1515 1574 1576 1635
1576: 1516 1575 1577 1636
1577: 1517 1576 1578 1637
1578: 1518 1577 1579 1638
1579: 1519 1578 1580 1639
1580: 1520 1579 1581 1640
1581: 1521 1580 1582 1641
1582: 1522 1581 1583 1642
1583: 1523 1582 1584 1643
1584: 1524 1583 1585 1644
1585: 1525 1584 1586 1645
1586: 1526 1585 1587 1646
1587: 1527 1586 1588 1647
1588: 1528 1587 1589 1648
1589: 1529 1588 1590 1649
1590: 1530 1589 1591 1650
1591: 1531 1590 1592 1651
1592: 1532 1591 1593 1652
1593: 1533 1592 1594 1653
1594: 1534 1593 1595 1654
1595: 1535 1594 1596 1655
1596: 1536 1595 1597 1656
1597: 1537 1596 1598 1657
1598: 1538 1597 1599 1658
1599: 1539 1598 1600 1659
1600: 1540 1599 1601 1660
1601: 1541 1600 1602 1661
1602: 1542 1601 1603 1662
1603: 1543 1602 1604 1663
1604: 1544 1603 1605 1664
1605: 1545 1604 1606 1665
1606: 1546 1605 1607 1666
1607: 1547 1606 1608 1667
1608: 1548 1607 1609 1668
1609: 1549 1608 1610 1669
1610: 1550 1609 1611 1670
1611: 1551 1610 1612 1671
1612: 1552 1611 1613 1672
1613: 1553 1612 1614 1673
1614: 1554 1613 1615 1674
1615: 1555 1614 1616 1675
1616: 1556 1615 1617 1676
1617: 1557 1616 1618 1677
1618: 1558 1617 1619 1678
1619: 1559 1618 1679
1620: 1560 1621 1680
1621: 1561 1620 1622 1681
1622: 1562 1621 1623 1682
1623: 1563 1622 1624 1683
1624: 1564 1623 1625 1684
1625: 1565 1624 1626 1685
1626: 1566 1625 1627 1686
1627: 1567 1626 1628 1687
1628: 1568 1627 1629 1688
1629: 1569 1628 1630 1689
1630: 1570 1629 1631 1690
1631: 1571 1630 1632 1691
1632: 1572 1631 1633 1692
1633: 1573 1632 1634 1693
1634: 1574 1633 1635 1694
1635: 1575 1634 1636 1695
1636: 1576 1635 1637 1696
1637: 1577 1636 1638 1697
1638: 1578 1637 1639 1698
1639: 1579 1638 1640 1699
1640: 1580 1639 1641 1700
1641: 1581 1640 1642 1701
1642: 1582 1641 1643 1702
1643: 1583 1642 1644 1703
1644: 1584 1643 1645 1704
1645: 1585 1644 1646 1705
1646: 1586 1645 1647 1706
1647: 1587 1646 1648 1707
1648: 1588 1647 1649 1708
1649: 1589 1648 1650 1709
1650: 1590 1649 1651 1710
1651: 1591 1650 1652 1711
1652: 1592 1651 1653 1712
1653: 1593 1652 1654 1713
1654: 1594 1653 1655 1714
1655: 1595 1654 1656 1715
1656: 1596 1655 1657 1716
1657: 1597 1656 1658 1717
1658: 1598 1657 1659 1718
1659: 1599 1658 1660 1719
1660: 1600 1659 1661 1720
1661: 1601 1660 1662 1721
1662: 1602 1661 1663 1722
1663: 1603 1662 1664 1723
1664: 1604 1663 1665 1724
1665: 1605 1664 1666 1725
1666: 1606 1665 1667 1726
1667: 1607 1666 1668 1727
1668: 1608 1667 1669 1728
1669: 1609 1668 1670 1729
1670: 1610 1669 1671 1730
1671: 1611 1670 1672 1731
1672: 1612 1671 1673 1732
1673: 1613 1672 1674 1733
1674: 1614 1673 1675 1734
1675: 1615 1674 1676 1735
1676: 1616 1675 1677 1736
1677: 1617 1676 1678 1737
1678: 1618 1677 1679 1738
1679: 1619 1678 1739
1680: 1620 1681 1740
1681: 1621 1680 1682 1741
1682: 1622 1681 1683 1742
1683: 1623 1682 1684 1743
1684: 1624 1683 1685 1744
1685: 1625 1684 1686 1745
1686: 1626 1685 1687 1746
1687: 1627 1686 1688 1747
1688: 1628 1687 1689 1748
1689: 1629 1688 1690 1749
1690: 1630 1689 1691 1750
1691: 1631 1690 1692 1751
1692: 1632 1691 1693 1752
1693: 1633 1692 1694 1753
1694: 1634 1693 1695 1754
1695: 1635 1694 1696 1755
1696: 1636 1695 1697 1756
1697: 1637 1696 1698 1757
1698: 1638 1697 1699 1758
1699: 1639 1698 1700 1759
1700: 1640 1699 1701 1760
1701: 1641 1700 1702 1761
1702: 1642 1701 1703 1762
1703: 1643 1702 1704 1763
1704: 1644 1703 1705 1764
1705: 1645 1704 1706 1765
1706: 1646 1705 1707 1766
1707: 1647 1706 1708 1767
1708: 1648 1707 1709 1768
1709: 1649 1708 1710 1769
1710: 1650 1709 1711 1770
1711: 1651 1710 1712 1771
1712: 1652 1711 1713 1772
1713: 1653 1712 1714 1773
1714: 1654 1713 1715 1774
1715: 1655 1714 1716 1775
1716: 1656 1715 1717 1776
1717: 1657 1716 1718 1777
1718: 1658 1717 1719 1778
1719: 1659 1718 1720 1779
1720: 1660 1719 1721 1780
1721: 1661 1720 1722 1781
1722: 1662 1721 1723 1782
1723: 1663 1722 1724 1783
1724: 1664 1723 1725 1784
1725: 1665 1724 1726 1785
1726: 1666 1725 1727 1786
1727: 1667 1726 1728 1787
1728: 1668 1727 1729 1788
1729: 1669 1728 1730 1789
1730: 1670 1729 1731 1790
1731: 1671 1730 1732 1791
1732: 1672 1731 1733 1792
1733: 1673 1732 1734 1793
1734: 1674 1733 1735 1794
1735: 1675 1734 1736 1795
1736: 1676 1735 1737 1796
1737: 1677 1736 1738 1797
1738: 1678 1737 1739 1798
1739: 1679 1738 1799
1740: 1680 1741 1800
1741: 1681 1740 1742 1801
1742: 1682 1741 1743 1802
1743: 1683 1742 1744 1803
1744: 1684 1743 1745 1804
1745: 1685 1744 1746 1805
1746: 1686 1745 1747 1806
1747: 1687 1746 1748 1807
1748: 1688 1747 1749 1808
1749: 1689 1748 1750 1809
1750: 1690 1749 1751 1810
1751: 1691 1750 1752 1811
1752: 1692 1751 1753 1812
1753: 1693 1752 1754 1813
1754: 1694 1753 1755 1814
1755: 1695 1754 1756 1815
1756: 1696 1755 1757 1816
1757: 1697 1756 1758 1817
1758: 1698 1757 1759 1818
1759: 1699 1758 1760 1819
1760: 1700 1759 1761 1820
1761: 1701 1760 1762 1821
1762: 1702 1761 1763 1822
1763: 1703 1762 1764 1823
1764: 1704 1763 1765 1824
1765: 1705 1764 1766 1825
1766: 1706 1765 1767 1826
1767: 1707 1766 1768 1827
1768: 1708 1767 1769 1828
1769: 1709 1768 1770 1829
1770: 1710 1769 1771 1830
1771: 1711 1770 1772 1831
1772: 1712 1771 1773 1832
1773: 1713 1772 1774 1833
1774: 1714 1773 1775 1834
1775: 1715 1774 1776 1835
1776: 1716 1775 1777 1836
1777: 1717 1776 1778 1837
1778: 1718 1777 1779 1838
1779: 1719 1778 1780 1839
1780: 1720 1779 1781 1840
1781: 1721 1780 1782 1841
1782: 1722 1781 1783 1842
1783: 1723 1782 1784 1843
1784: 1724 1783 1785 1844
1785: 1725 1784 1786 1845
1786: 1726 1785 1787 1846
1787: 1727 1786 1788 1847
1788: 1728 1787 1789 1848
1789: 1729 1788 1790 1849
1790: 1730 1789 1791 1850
1791: 1731 1790 1792 1851
1792: 1732 1791 1793 1852
1793: 1733 1792 1794 1853
1794: 1734 1793 1795 1854
1795: 1735 1794 1796 1855
1796: 1736 1795 1797 1856
1797: 1737 1796 1798 1857
1798: 1738 1797 1799 1858
1799: 1739 1798 1859
1800: 1740 1801 1860
1801: 1741 1800 1802 1861
1802: 1742 1801 1803 1862
1803: 1743 1802 1804 1863
1804: 1744 1803 1805 1864
1805: 1745 1804 1806 1865
1806: 1746 1805 1807 1866
1807: 1747 1806 1808 1867
1808: 1748 1807 1809 1868
1809: 1749 1808 1810 1869
1810: 1750 1809 1811 1870
1811: 1751 1810 1812 1871
1812: 1752 1811 1813 1872
1813: 1753 1812 1814 1873
1814: 1754 1813 1815 1874
1815: 1755 1814 1816 1875
1816: 1756 1815 1817 1876
1817: 1757 1816 1818 1877
1818: 1758 1817 1819 1878
1819: 1759 1818 1820 1879
1820: 1760 1819 1821 1880
1821: 1761 1820 1822 1881
1822: 1762 1821 1823 1882
1823: 1763 1822 1824 1883
1824: 1764 1823 1825 1884
1825: 1765 1824 1826 1885
1826: 1766 1825 1827 1886
1827: 1767 1826 1828 1887
1828: 1768 1827 1829 1888
1829: 1769 1828 1830 1889
1830: 1770 1829 1831 1890
1831: 1771 1830 1832 1891
1832: 1772 1831 1833 1892
1833: 1773 1832 1834 1893
1834: 1774 1833 1835 1894
1835: 1775 1834 1836 1895
1836: 1776 1835 1837 1896
1837: 1777 1836 1838 1897
1838: 1778 1837 1839 1898
1839: 1779 1838 1840 1899
1840: 1780 1839 1841 1900
1841: 1781 1840 1842 1901
1842: 1782 1841 1843 1902
1843: 1783 1842 1844 1903
1844: 1784 1843 1845 1904
1845: 1785 1844 1846 1905
1846: 1786 1845 1847 1906
1847: 1787 1846 1848 1907
1848: 1788 1847 1849 1908
1849: 1789 1848 1850 1909
1850: 1790 1849 1851 1910
1851: 1791 1850 1852 1911
1852: 1792 1851 1853 1912
1853: 1793 1852 1854 1913
1854: 1794 1853 1855 1914
1855: 1795 1854 1856 1915
1856: 1796 1855 1857 1916
1857: 1797 1856 1858 1917
1858: 1798 1857 1859 1918
1859: 1799 1858 1919
1860: 1800 1861 1920
1861: 1801 1860 1862 1921
1862: 1802 1861 1863 1922
1863: 1803 1862 1864 1923
1864: 1804 1863 1865 1924
1865: 1805 1864 1866 1925
1866: 1806 1865 1867 1926
1867: 1807 1866 1868 1927
1868: 1808 1867 1869 1928
1869: 1809 1868 1870 1929
1870: 1810 1869 1871 1930
1871: 1811 1870 1872 1931
1872: 1812 1871 1873 1932
1873: 1813 1872 1874 1933
1874: 1814 1873 1875 1934
1875: 1815 1874 1876 1935
1876: 1816 1875 1877 1936
1877: 1817 1876 1878 1937
1878: 1818 1877 1879 1938
1879: 1819 1878 1880 1939
1880: 1820 1879 1881 1940
1881: 1821 1880 1882 1941
1882: 1822 1881 1883 1942
1883: 1823 1882 1884 1943
1884: 1824 1883 1885 1944
1885: 1825 1884 1886 1945
1886: 1826 1885 1887 1946
1887: 1827 1886 1888 1947
1888: 1828 1887 1889 1948
1889: 1829 1888 1890 1949
1890: 1830 1889 1891 1950
1891: 1831 1890 1892 1951
1892: 1832 1891 1893 1952
1893: 1833 1892 1894 1953
1894: 1834 1893 1895 1954
1895: 1835 1894 1896 1955
1896: 1836 1895 1897 1956
1897: 1837 1896 1898 1957
1898: 1838 1897 1899 1958
1899: 1839 1898 1900 1959
1900: 1840 1899 1901 1960
1901: 1841 1900 1902 1961
1902: 1842 1901 1903 1962
1903: 1843 1902 1904 1963
1904: 1844 1903 1905 1964
1905: 1845 1904 1906 1965
1906: 1846 1905 1907 1966
1907: 1847 1906 1908 1967
1908: 1848 1907 1909 1968
1909: 1849 1908 1910 1969
1910: 1850 1909 1911 1970
1911: 1851 1910 1912 1971
1912: 1852 1911 1913 1972
1913: 1853 1912 1914 1973
1914: 1854 1913 1915 1974
1915: 1855 1914 1916 1975
1916: 1856 1915 1917 1976
1917: 1857 1916 1918 1977
1918: 1858 1917 1919 1978
1919: 1859 1918 1979
1920: 1860 1921 1980
1921: 1861 1920 1922 1981
1922: 1862 1921 1923 1982
1923: 1863 1922 1924 1983
1924: 1864 1923 1925 1984
1925: 1865 1924 1926 1985
1926: 1866 1925 1927 1986
1927: 1867 1926 1928 1987
1928: 1868 1927 1929 1988
1929: 1869 1928 1930 1989
1930: 1870 1929 1931 1990
1931: 1871 1930 1932 1991
1932: 1872 1931 1933 1992
1933: 1873 1932 1934 1993
1934: 1874 1933 1935 1994
1935: 1875 1934 1936 1995
1936: 1876 1935 1937 1996
1937: 1877 1936 1938 1997
1938: 1878 1937 1939 1998
1939: 1879 1938 1940 1999
1940: 1880 1939 1941 2000
1941: 1881 1940 1942 2001
1942: 1882 1941 1943 2002
1943: 1883 1942 1944 2003
1944: 1884 1943 1945 2004
1945: 1885 1944 1946 2005
1946: 1886 1945 1947 2006
1947: 1887 1946 1948 2007
1948: 1888 1947 1949 2008
1949: 1889 1948 1950 2009
1950: 1890 1949 1951 2010
1951: 1891 1950 1952 2011
1952: 1892 1951 1953 2012
1953: 1893 1952 1954 2013
1954: 1894 1953 1955 2014
1955: 1895 1954 1956 2015
1956: 1896 1955 1957 2016
1957: 1897 1956 1958 2017
1958: 1898 1957 1959 2018
1959: 1899 1958 1960 2019
1960: 1900 1959 1961 2020
1961: 1901 1960 1962 2021
1962: 1902 1961 1963 2022
1963: 1903 1962 1964 2023
1964: 1904 1963 1965 2024
1965: 1905 1964 1966 2025
1966: 1906 1965 1967 2026
1967: 1907 1966 1968 2027
1968: 1908 1967 1969 2028
1969: 1909 1968 1970 2029
1970: 1910 1969 1971 2030
1971: 1911 1970 1972 2031
1972: 1912 1971 1973 2032
1973: 1913 1972 1974 2033
1974: 1914 1973 1975 2034
1975: 1915 1974 1976 2035
1976: 1916 1975 1977 2036
1977: 1917 1976 1978 2037
1978: 1918 1977 1979 2038
1979: 1919 1978 2039
1980: 1920 1981 2040
1981: 1921 1980 1982 2041
1982: 1922 1981 1983 2042
1983: 1923 1982 1984 2043
1984: 1924 1983 1985 2044
1985: 1925 1984 1986 2045
1986: 1926 1985 1987 2046
1987: 1927 1986 1988 2047
1988: 1928 1987 1989 2048
1989: 1929 1988 1990 2049
1990: 1930 1989 1991 2050
1991: 1931 1990 1992 2051
1992: 1932 1991 1993 2052
1993: 1933 1992 1994 2053
1994: 1934 1993 1995 2054
1995: 1935 1994 1996 2055
1996: 1936 1995 1997 2056
1997: 1937 1996 1998 2057
1998: 1938 1997 1999 2058
1999: 1939 1998 2000 2059
2000: 1940 1999 2001 2060
2001: 1941 2000 2002 2061
2002: 1942 2001 2003 2062
2003: 1943 2002 2004 2063
2004: 1944 2003 2005 2064
2005: 1945 2004 2006 2065
2006: 1946 2005 2007 2066
2007: 1947 2006 2008 2067
2008: 1948 2007 2009 2068
2009: 1949 2008 2010 2069
2010: 1950 2009 2011 2070
2011: 1951 2010 2012 2071
2012: 1952 2011 2013 2072
2013: 1953 2012 2014 2073
2014: 1954 2013 2015 2074
2015: 1955 2014 2016 2075
2016: 1956 2015 2017 2076
2017: 1957 2016 2018 2077
2018: 1958 2017 2019 2078
2019: 1959 2018 2020 2079
2020: 1960 2019 2021 2080
2021: 1961 2020 2022 2081
2022: 1962 2021 2023 2082
2023: 1963 2022 2024 2083
2024: 1964 2023 2025 2084
2025: 1965 2024 2026 2085
2026: 1966 2025 2027 2086
2027: 1967 2026 2028 2087
2028: 1968 2027 2029 2088
2029: 1969 2028 2030 2089
2030: 1970 2029 2031 2090
2031: 1971 2030 2032 2091
2032: 1972 2031 2033 2092
2033: 1973 2032 2034 2093
2034: 1974 2033 2035 2094
2035: 1975 2034 2036 2095
2036: 1976 2035 2037 2096
2037: 1977 2036 2038 2097
2038: 1978 2037 2039 2098
2039: 1979 2038 2099
2040: 1980 2041 2100
2041: 1981 2040 2042 2101
2042: 1982 2041 2043 2102
2043: 1983 2042 2044 2103
2044: 1984 2043 2045 2104
2045: 1985 2044 2046 2105
2046: 1986 2045 2047 2106
2047: 1987 2046 2048 2107
2048: 1988 2047 2049 2108
2049: 1989 2048 2050 2109
2050: 1990 2049 2051 2110
2051: 1991 2050 2052 2111
2052: 1992 2051 2053 2112
2053: 1993 2052 2054 2113
2054: 1994 2053 2055 2114
2055: 1995 2054 2056 2115
2056: 1996 2055 2057 2116
2057: 1997 2056 2058 2117
2058: 1998 2057 2059 2118
2059: 1999 2058 2060 2119
2060: 2000 2059 2061 2120
2061: 2001 2060 2062 2121
2062: 2002 2061 2063 2122
2063: 2003 2062 2064 2123
2064: 2004 2063 2065 2124
2065: 2005 2064 2066 2125
2066: 2006 2065 2067 2126
2067: 2007 2066 2068 2127
2068: 2008 2067 2069 2128
2069: 2009 2068 2070 2129
2070: 2010 2069 2071 2130
2071: 2011 2070 2072 2131
2072: 2012 2071 2073 2132
2073: 2013 2072 2074 2133
2074: 2014 2073 2075 2134
2075: 2015 2074 2076 2135
2076: 2016 2075 2077 2136
2077: 2017 2076 2078 2137
2078: 2018 2077 2079 2138
2079: 2019 2078 2080 2139
2080: 2020 2079 2081 2140
2081: 2021 2080 2082 2141
2082: 2022 2081 2083 2142
2083: 2023 2082 2084 2143
2084: 2024 2083 2085 2144
2085: 2025 2084 2086 2145
2086: 2026 2085 2087 2146
2087: 2027 2086 2088 2147
2088: 2028 2087 2089 2148
2089: 2029 2088 2090 2149
2090: 2030 2089 2091 2150
2091: 2031 2090 2092 2151
2092: 2032 2091 2093 2152
2093: 2033 2092 2094 2153
2094: 2034 2093 2095 2154
2095: 2035 2094 2096 2155
2096: 2036 2095 2097 2156
2097: 2037 2096 2098 2157
2098: 2038 2097 2099 2158
2099: 2039 2098 2159
2100: 2040 2101 2160
2101: 2041 2100 2102 2161
2102: 2042 2101 2103 2162
2103: 2043 2102 2104 2163
2104: 2044 2103 2105 2164
2105: 2045 2104 2106 2165
2106: 2046 2105 2107 2166
2107: 2047 2106 2108 2167
2108: 2048 2107 2109 2168
2109: 2049 2108 2110 2169
2110: 2050 2109 2111 2170
2111: 2051 2110 2112 2171
2112: 2052 2111 2113 2172
2113: 2053 2112 2114 2173
2114: 2054 2113 2115 2174
2115: 2055 2114 2116 2175
2116: 2056 2115 2117 2176
2117: 2057 2116 2118 2177
2118: 2058 2117 2119 2178
2119: 2059 2118 2120 2179
2120: 2060 2119 2121 2180
2121: 2061 2120 2122 2181
2122: 2062 2121 2123 2182
2123: 2063 2122 2124 2183
2124: 2064 2123 2125 2184
2125: 2065 2124 2126 2185
2126: 2066 2125 2127 2186
2127: 2067 2126 2128 2187
2128: 2068 2127 2129 2188
2129: 2069 2128 2130 2189
2130: 2070 2129 2131 2190
2131: 2071 2130 2132 2191
2132: 2072 2131 2133 2192
2133: 2073 2132 2134 2193
2134: 2074 2133 2135 2194
2135: 2075 2134 2136 2195
2136: 2076 2135 2137 2196
2137: 2077 2136 2138 2197
2138: 2078 2137 2139 2198
2139: 2079 2138 2140 2199
2140: 2080 2139 2141 2200
2141: 2081 2140 2142 2201
2142: 2082 2141 2143 2202
2143: 2083 2142 2144 2203
2144: 2084 2143 2145 2204
2145: 2085 2144 2146 2205
2146: 2086 2145 2147 2206
2147: 2087 2146 2148 2207
2148: 2088 2147 2149 2208
2149: 2089 2148 2150 2209
2150: 2090 2149 2151 2210
2151: 2091 2150 2152 2211
2152: 2092 2151 2153 2212
2153: 2093 2152 2154 2213
2154: 2094 2153 2155 2214
2155: 2095 2154 2156 2215
2156: 2096 2155 2157 2216
2157: 2097 2156 2158 2217
2158: 2098 2157 2159 2218
2159: 2099 2158 2219
2160: 2100 2161 2220
2161: 2101 2160 2162 2221
2162: 2102 2161 2163 2222
2163: 2103 2162 2164 2223
2164: 2104 2163 2165 2224
2165: 2105 2164 2166 2225
2166: 2106 2165 2167 2226
2167: 2107 2166 2168 2227
2168: 2108 2167 2169 2228
2169: 2109 2168 2170 2229
2170: 2110 2169 2171 2230
2171: 2111 2170 2172 2231
2172: 2112 2171 2173 2232
2173: 2113 2172 2174 2233
2174: 2114 2173 2175 2234
2175: 2115 2174 2176 2235
2176: 2116 2175 2177 2236
2177: 2117 2176 2178 2237
2178: 2118 2177 2179 2238
2179: 2119 2178 2180 2239
2180: 2120 2179 2181 2240
2181: 2121 2180 2182 2241
2182: 2122 2181 2183 2242
2183: 2123 2182 2184 2243
2184: 2124 2183 2185 2244
2185: 2125 2184 2186 2245
2186: 2126 2185 2187 2246
2187: 2127 2186 2188 2247
2188: 2128 2187 2189 2248
2189: 2129 2188 2190 2249
2190: 2130 2189 2191 2250
2191: 2131 2190 2192 2251
2192: 2132 2191 2193 2252
2193: 2133 2192 2194 2253
2194: 2134 2193 2195 2254
2195: 2135 2194 2196 2255
2196: 2136 2195 2197 2256
2197: 2137 2196 2198 2257
2198: 2138 2197 2199 2258
2199: 2139 2198 2200 2259
2200: 2140 2199 2201 2260
2201: 2141 2200 2202 2261
2202: 2142 2201 2203 2262
2203: 2143 2202 2204 2263
2204: 2144 2203 2205 2264
2205: 2145 2204 2206 2265
2206: 2146 2205 2207 2266
2207: 2147 2206 2208 2267
2208: 2148 2207 2209 2268
2209: 2149 2208 2210 2269
2210: 2150 2209 2211 2270
2211: 2151 2210 2212 2271
2212: 2152 2211 2213 2272
2213: 2153 2212 2214 2273
2214: 2154 2213 2215 2274
2215: 2155 2214 2216 2275
2216: 2156 2215 2217 2276
2217: 2157 2216 2218 2277
2218: 2158 2217 2219 2278
2219: 2159 2218 2279
2220: 2160 2221 2280
2221: 2161 2220 2222 2281
2222: 2162 2221 2223 2282
2223: 2163 2222 2224 2283
2224: 2164 2223 2225 2284
2225: 2165 2224 2226 2285
2226: 2166 2225 2227 2286
2227: 2167 2226 2228 2287
2228: 2168 2227 2229 2288
2229: 2169 2228 2230 2289
2230: 2170 2229 2231 2290
2231: 2171 2230 2232 2291
2232: 2172 2231 2233 2292
2233: 2173 2232 2234 2293
2234: 2174 2233 2235 2294
2235: 2175 2234 2236 2295
2236: 2176 2235 2237 2296
2237: 2177 2236 2238 2297
2238: 2178 2237 2239 2298
2239: 2179 2238 2240 2299
2240: 2180 2239 2241 2300
2241: 2181 2240 2242 2301
2242: 2182 2241 2243 2302
2243: 2183 2242 2244 2303
2244: 2184 2243 2245 2304
2245: 2185 2244 2246 2305
2246: 2186 2245 2247 2306
2247: 2187 2246 2248 2307
2248: 2188 2247 2249 2308
2249: 2189 2248 2250 2309
2250: 2190 2249 2251 2310
2251: 2191 2250 2252 2311
2252: 2192 2251 2253 2312
2253: 2193 2252 2254 2313
2254: 2194 2253 2255 2314
2255: 2195 2254 2256 2315
2256: 2196 2255 2257 2316
2257: 2197 2256 2258 2317
2258: 2198 2257 2259 2318
2259: 2199 2258 2260 2319
2260: 2200 2259 2261 2320
2261: 2201 2260 2262 2321
2262: 2202 2261 2263 2322
2263: 2203 2262 2264 2323
2264: 2204 2263 2265 2324
2265: 2205 2264 2266 2325
2266: 2206 2265 2267 2326
2267: 2207 2266 2268 2327
2268: 2208 2267 2269 2328
2269: 2209 2268 2270 2329
2270: 2210 2269 2271 2330
2271: 2211 2270 2272 2331
2272: 2212 2271 2273 2332
2273: 2213 2272 2274 2333
2274: 2214 2273 2275 2334
2275: 2215 2274 2276 2335
2276: 2216 2275 2277 2336
2277: 2217 2276 2278 2337
2278: 2218 2277 2279 2338
2279: 2219 2278 2339
2280: 2220 2281 2340
2281: 2221 2280 2282 2341
2282: 2222 2281 2283 2342
2283: 2223 2282 2284 2343
2284: 2224 2283 2285 2344
2285: 2225 2284 2286 2345
2286: 2226 2285 2287 2346
2287: 2227 2286 2288 2347
2288: 2228 2287 2289 2348
2289: 2229 2288 2290 2349
2290: 2230 2289 2291 2350
2291: 2231 2290 2292 2351
2292: 2232 2291 2293 2352
2293: 2233 2292 2294 2353
2294: 2234 2293 2295 2354
2295: 2235 2294 2296 2355
2296: 2236 2295 2297 2356
2297: 2237 2296 2298 2357
2298: 2238 2297 2299 2358
2299: 2239 2298 2300 2359
2300: 2240 2299 2301 2360
2301: 2241 2300 2302 2361
2302: 2242 2301 2303 2362
2303: 2243 2302 2304 2363
2304: 2244 2303 2305 2364
2305: 2245 2304 2306 2365
2306: 2246 2305 2307 2366
2307: 2247 2306 2308 2367
2308: 2248 2307 2309 2368
2309: 2249 2308 2310 2369
2310: 2250 2309 2311 2370
2311: 2251 2310 2312 2371
2312: 2252 2311 2313 2372
2313: 2253 2312 2314 2373
2314: 2254 2313 2315 2374
2315: 2255 2314 2316 2375
2316: 2256 2315 2317 2376
2317: 2257 2316 2318 2377
2318: 2258 2317 2319 2378
2319: 2259 2318 2320 2379
2320: 2260 2319 2321 2380
2321: 2261 2320 2322 2381
2322: 2262 2321 2323 2382
2323: 2263 2322 2324 2383
2324: 2264 2323 2325 2384
2325: 2265 2324 2326 2385
2326: 2266 2325 2327 2386
2327: 2267 2326 2328 2387
2328: 2268 2327 2329 2388
2329: 2269 2328 2330 2389
2330: 2270 2329 2331 2390
2331: 2271 2330 2332 2391
2332: 2272 2331 2333 2392
2333: 2273 2332 2334 2393
2334: 2274 2333 2335 2394
2335: 2275 2334 2336 2395
2336: 2276 2335 2337 2396
2337: 2277 2336 2338 2397
2338: 2278 2337 2339 2398
2339: 2279 2338 2399
2340: 2280 2341
2341: 2281 2340 2342
2342: 2282 2341 2343
2343: 2283 2342 2344
2344: 2284 2343 2345
2345: 2285 2344 2346
2346: 2286 2345 2347
2347: 2287 2346 2348
2348: 2288 2347 2349
2349: 2289 2348 2350
2350: 2290 2349 2351
2351: 2291 2350 2352
2352: 2292 2351 2353
2353: 2293 2352 2354
2354: 2294 2353 2355
2355: 2295 2354 2356
2356: 2296 2355 2357
2357: 2297 2356 2358
2358: 2298 2357 2359
2359: 2299 2358 2360
2360: 2300 2359 2361
2361: 2301 2360 2362
2362: 2302 2361 2363
2363: 2303 2362 2364
2364: 2304 2363 2365
2365: 2305 2364 2366
2366: 2306 2365 2367
2367: 2307 2366 2368
2368: 2308 2367 2369
2369: 2309 2368 2370
2370: 2310 2369 2371
2371: 2311 2370 2372
2372: 2312 2371 2373
2373: 2313 2372 2374
2374: 2314 2373 2375
2375: 2315 2374 2376
2376: 2316 2375 2377
2377: 2317 2376 2378
2378: 2318 2377 2379
2379: 2319 2378 2380
2380: 2320 2379 2381
2381: 2321 2380 2382
2382: 2322 2381 2383
2383: 2323 2382 2384
2384: 2324 2383 2385
2385: 2325 2384 2386
2386: 2326 2385 2387
2387: 2327 2386 2388
2388: 2328 2387 2389
2389: 2329 2388 2390
2390: 2330 2389 2391
2391: 2331 2390 2392
2392: 2332 2391 2393
2393: 2333 2392 2394
2394: 2334 2393 2395
2395: 2335 2394 2396
2396: 2336 2395 2397
2397: 2337 2396 2398
2398: 2338 2397 2399
2399: 2339 2398
