0: 11 19 46 48 54 55 64 69 75 78 82 86 87 90 94
1: 4 10 12 25 61 67 74 86 91
2: 53 56 60 61 87 88 440 618
3: 21 22 32 39 62 65 98 112
4: 1 12 36 48 58 68 75 90 94 236 851
5: 17 19 29 31 36 55 57 69 73 87
6: 38 46 53 55 62 67 70 87 96
7: 13 16 20 30 43 50 55 77 95 656 857
8: 11 23 24 34 35 40 47 55 57 66 67 70 76 79 90 93 228 241 819
9: 39 52 68
10: 1 22 58 83 88 693
11: 0 8 12 14 16 17 27 41 52 69 89 526
12: 1 4 11 16 50 57 58 64 67 74 78 89
13: 7 22 35 49 53 60 79 96
14: 11 20 39 48 67 85 86
15: 21 25 36 43 45 49 59 64 75 85 92 94 99
16: 7 11 12 22 25 35 37 42 57 75 85 91
17: 5 11 23 38 44 70 71 97 324 490 900
18: 20 24 26 40 49 63 74 79 86 95 97 98
19: 0 5 20 43 45 53 63 66 71 86 90 91
20: 7 14 18 19 65 93
21: 3 15 31 43 54 56 68 76 86 93 95 98 99
22: 3 10 13 16 36 42 44 57 83 87 94 516
23: 8 17 42 73 96 314
24: 8 18 30 56 62 79 88 97
25: 1 15 16 26 56 58 61 66 78 85 89
26: 18 25 32 33 39 62 63 76 79 87 90 93 97 99 768 850
27: 11 28 40 42 45 49 80 85 90 98 571
28: 27 44 45 54 72 74 87
29: 5 45 51 55
30: 7 24 43 46 51 57 66 72 78 83 87 91
31: 5 21 67 70 73 90
32: 3 26 40 43 47 50 73 81 268 617 996
33: 26 38 69 82 86 89 90 93 99 263
34: 8 53 57 64 72 73 79 82 327
35: 8 13 16 47 54 57 78 94 274
36: 4 5 15 22 37 41
37: 16 36 566
38: 6 17 33 58 76 77 89 92 98 998
39: 3 9 14 26 54 65 83 892
40: 8 18 27 32 41 48 53 56 64 65 68 70 85 324
41: 11 36 40 46 49 65 79 83 88 89 972
42: 16 22 23 27 48 50 51 54 55 71 73 82 90 91 93 97
43: 7 15 19 21 30 32 52 60 61 64 94 96 555
44: 17 22 28 67 72 83 86 97 582
45: 15 19 27 28 29 57 58 67 69 70 85 87
46: 0 6 30 41 88
47: 8 32 35 50 66 68 86 91 93 94 98
48: 0 4 14 40 42 53 59 71 72 88
49: 13 15 18 27 41 69 77 87
50: 7 12 32 42 47 88 188 629
51: 29 30 42 66 77 84 88 97 547
52: 9 11 43 64 80 83 98 99 998
53: 2 6 13 19 34 40 48 54 56 72 78 83 97
54: 0 21 28 35 39 42 53 62 74 86 87 90 92
55: 0 5 6 7 8 29 42 63 64 89 98 99
56: 2 21 24 25 40 53 59 66 67 87 88 226
57: 5 8 12 16 22 30 34 35 45 62 63 65 70 75 88
58: 4 10 12 25 38 45 60 86
59: 15 48 56 98 491 667
60: 2 13 43 58 63 90 91 127 664
61: 1 2 25 43 62 69 81 94 625 846
62: 3 6 24 26 54 57 61 77 84 88 93
63: 18 19 26 55 57 60 69 80 82 84 91 92 97
64: 0 12 15 34 40 43 52 55 78 80 218 744
65: 3 20 39 40 41 57 92 526
66: 8 19 25 30 47 51 56 74 96 577
67: 1 6 8 12 14 31 44 45 56 70 71 75 95 96 97
68: 4 9 21 40 47 83 99 233
69: 0 5 11 33 45 49 61 63 77 81 84 93 97 610
70: 6 8 17 31 40 45 57 67 81 83 95 595
71: 17 19 42 48 67 643 701
72: 28 30 34 44 48 53 77 86 97
73: 5 23 31 32 34 42 81
74: 1 12 18 28 54 66 84 95
75: 0 4 15 16 57 67 80 81 88 94 728
76: 8 21 26 38 95 211 619
77: 7 38 49 51 62 69 72 85 90 94 369 893
78: 0 12 25 30 35 53 64 80 99
79: 8 13 18 24 26 34 41 80 83 85 89 96 285
80: 27 52 63 64 75 78 79 86 89 302
81: 32 61 69 70 73 75 83 99 710
82: 0 33 34 42 63 87 95 517 716
83: 10 22 30 39 41 44 52 53 68 70 79 81 496
84: 51 62 63 69 74 134
85: 14 15 16 25 27 40 45 77 79 98 99
86: 0 1 14 18 19 21 33 44 47 54 58 72 80 90 95 359
87: 0 2 5 6 22 26 28 30 45 49 54 56 82 93
88: 2 10 24 41 46 48 50 51 56 57 62 75 499
89: 11 12 25 33 38 41 55 79 80
90: 0 4 8 19 26 27 31 33 42 54 60 77 86 98 99 199 514 624
91: 1 16 19 30 42 47 60 63
92: 15 38 54 63 65 93
93: 8 20 21 26 33 42 47 62 69 87 92
94: 0 4 15 22 35 43 47 61 75 77 98 99 435
95: 7 18 21 67 70 74 76 82 86 129
96: 6 13 23 43 66 67 79
97: 17 18 24 26 42 44 51 53 63 67 69 72
98: 3 18 21 27 38 47 52 55 59 85 90 94 778
99: 15 21 26 33 52 55 68 78 81 85 90 94 465 918
100: 111 120 137 165 169 173 174 182 190 192 906
101: 111 125 134 156 161 167 172 178 190
102: 115 126 132 139 141 148 153 158 165 175 189 477 795
103: 106 112 115 120 127 135 178 182 193 506
104: 113 128 130 133 137 142 149 150 743
105: 106 108 114 121 124 126 136 137 138 142 147 151 160 189 198 327
106: 103 105 108 112 113 114 140 152 159 164 165 177
107: 113 115 118 121 128 135 159 161 166 167 176 995
108: 105 106 109 111 125 131 133 139 162 167 174 490
109: 108 117 120 124 132 147 160 161 180 184 186 195
110: 112 121 130 184 187 196 197
111: 100 101 108 127 150 157 158 161 165 169 187 191 196
112: 3 103 106 110 121 128 137 145 153 166 168 179 184 194 196 685 754
113: 104 106 107 128 137 139 148 154 156 171 177 466 988
114: 105 106 146 166 170
115: 102 103 107 116 124 172 181 188 479
116: 115 120 121 124 133 134 160 167 170 175 191 193 194
117: 109 133 140 142 146 153 160
118: 107 150 174 184 188 194 198 199 798
119: 122 126 129 132 136 150 153 164 179 183
120: 100 103 109 116 126 149 154 161 178 182 183 186 188 189 199
121: 105 107 110 112 116 124 134 139 152 154 167 170 191 198
122: 119 134 141 143 148 161 162 168 169 173 181 193 205 570
123: 131 133 136 140 143 171 186 187 191 331
124: 105 109 115 116 121 134 146 153 172 190
125: 101 108 152 153 155 156 159 164
126: 102 105 119 120 134 161 171 172 174 186 189 194 929
127: 60 103 111 128 155 157 170 176 194 199
128: 104 107 112 113 127 137 159 160 164 180 183 191
129: 95 119 131 142 147 164 170 171 172 175 197
130: 104 110 143 149 152 154 155 158 159 164 175 178 181 726
131: 108 123 129 141 157 182 198 335
132: 102 109 119 138 144 176 177 181 195
133: 104 108 116 117 123 144 156 158 163 164
134: 84 101 116 121 122 124 126 144 149 152 157 179 181 183 191 193 194 389 549
135: 103 107 143 148 153 156 166 171 179 181 193 726 791
136: 105 119 123 138 153 170 179 190 192 194 198
137: 100 104 105 112 113 128 150
138: 105 132 136 143 154 166 171 179 196
139: 102 108 113 121 140 161 177
140: 106 117 123 139 141 156 158 169 185 192 194
141: 102 122 131 140 168 175 176 431 442
142: 104 105 117 129 164 172 188 311
143: 122 123 130 135 138 145 164 174 193 638
144: 132 133 134 146 151 178 189 199 485 589
145: 112 143 153 168 191 192 866
146: 114 117 124 144 155 185 188 717
147: 105 109 129 171 188 193 196
148: 102 113 122 135 163 166 179 189 193 196
149: 104 120 130 134 150 156 178 179 185 189 969
150: 104 111 118 119 137 149 163 165 174 175 177
151: 105 144 162 796 840 852 868
152: 106 121 125 130 134 196 446 857 960
153: 102 112 117 119 124 125 135 136 145 162 164 174
154: 113 120 121 130 138 173 190 194
155: 125 127 130 146 160 167 178 189
156: 101 113 125 133 135 140 149 158 178 183 186 191 193 198 498 787
157: 111 127 131 134 161 163 165 172 175
158: 102 111 130 133 140 156 161 542 694 901
159: 106 107 125 128 130 174 182 183 195 454 777
160: 105 109 116 117 128 155 163 166 184 186 195 199 692
161: 101 107 109 111 120 122 126 139 157 158 196 198
162: 108 122 151 153 178 182 186 190 197
163: 133 148 150 157 160 166 173 199 238 697
164: 106 119 125 128 129 130 133 142 143 153 169 175 180 182 185 186 192 199 630
165: 100 102 106 111 150 157 180 203 282
166: 107 112 114 135 138 148 160 163 198 404 722
167: 101 107 108 116 121 155 175 235
168: 112 122 141 145 182 192 749
169: 100 111 122 140 164 172 711
170: 114 116 121 127 129 136 173 175 187
171: 113 123 126 129 135 138 147 173 181 190 192 196
172: 101 115 124 126 129 142 157 169 183
173: 100 122 154 163 170 171 188 197
174: 100 108 118 126 143 150 153 159 177 181
175: 102 116 129 130 141 150 157 164 167 170 178 194 643 934
176: 107 127 132 141 183 194 195 198 960
177: 106 113 132 139 150 174 181 185
178: 101 103 120 130 144 149 155 156 162 175 187 188 192 194 287
179: 112 119 134 135 136 138 148 149 185 186 188 192 196 571
180: 109 128 164 165 181 187 192
181: 115 122 130 132 134 135 171 174 177 180 188 199 906
182: 100 103 120 131 159 162 164 168 186 191 196 197
183: 119 120 128 134 156 159 172 176 691
184: 109 110 112 118 160 197 790
185: 140 146 149 164 177 179 807
186: 109 120 123 126 156 160 162 164 179 182 190 195 358 962
187: 110 111 123 170 178 180 192 193 197 241
188: 50 115 118 120 142 146 147 173 178 179 181 191
189: 102 105 120 126 144 148 149 155 722
190: 100 101 124 136 154 162 171 186
191: 111 116 121 123 128 134 145 156 182 188 193
192: 100 136 140 145 164 168 171 178 179 180 187
193: 103 116 122 134 135 143 147 148 156 187 191 199 614
194: 112 116 118 126 127 134 136 140 154 175 176 178
195: 109 132 159 160 176 186
196: 110 111 112 138 147 148 152 161 171 179 182 300
197: 110 129 162 173 182 184 187 199 818
198: 105 118 121 131 136 156 161 166 176
199: 90 118 120 127 144 160 163 164 181 193 197 239 376
200: 204 205 207 211 215 219 225 231 233 235 236 244 265 277
201: 207 220 222 231 238 239 250 253 260 267 269 274
202: 205 217 240 243 250 251 284 291 776 859 906
203: 165 208 244 246 254 282 286 712
204: 200 223 225 230 231 243 244 245 246 260 265 281 299
205: 122 200 202 214 237 238 251 257 286 297
206: 212 217 232 238 243 250 257 258 271 273 275 276 280 293 297 312
207: 200 201 222 227 230 245 255 256 265 270 272 273 278 285 291 294
208: 203 216 224 243 247 255 273 274 275 278 283 286 293 298
209: 210 219 232 256 263 265 274 290 296 932
210: 209 223 243 248 259 263 266 268 296
211: 76 200 217 221 236 247 251 259 262 271 273 277 279 280 288 291
212: 206 245 263 264 265 346
213: 231 232 239 244 248 252 265 290
214: 205 220 228 236 239 247 258 261 285 288 292 297 860
215: 200 218 225 236 247 297
216: 208 234 260 265 268 280 281 289
217: 202 206 211 230 238 247 276 281 515 902
218: 64 215 222 228 238 249 252 263 266 271 272
219: 200 209 220 251 253 281 591
220: 201 214 219 234 241 243 253 261 285 288 296 298 484
221: 211 227 229 255 256 258 281 282 289 293 781
222: 201 207 218 232 260 261 270 279 287 289
223: 204 210 234 247 248 260 266 272 917
224: 208 227 257 261 282 664
225: 200 204 215 248 250 256 276 278 285
226: 56 229 232 239 246 250 285 290 293 294 299
227: 207 221 224 232 241 244 248 257 263 275 278 280 283 296 661 828
228: 8 214 218 230 232 234 266 269 286 298 299
229: 221 226 242 248 253 264 272 277 280 288 293 295 296
230: 204 207 217 228 232 238 240 242 245 258 277 278 283 287 291
231: 200 201 204 213 233 237 242 251 252 263 271 276 289 293 298
232: 206 209 213 222 226 227 228 230 247 251 254 255 259 277 280 289 771
233: 68 200 231 240 244 259 261 263 273 295
234: 216 220 223 228 238 255 266 268 275 280 288 289 295
235: 167 200 237 269 271 276 289 297
236: 4 200 211 214 215 238 245 259 268 277 297
237: 205 231 235 246 251 256 258 266 280 284 289 291 294 298 299
238: 163 201 205 206 217 218 230 234 236 239 270 271 278 288 290 298 537
239: 199 201 213 214 226 238 252 257 263 270 287 296 906
240: 202 230 233 245 255 261 293 298
241: 8 187 220 227 280 288 291 535
242: 229 230 231 249 254 283
243: 202 204 206 208 210 220 244 247 251 256 264 266 285 294 296
244: 200 203 204 213 227 233 243 250 262 264 272 279 281 288 299
245: 204 207 212 230 236 240 252 256 258 261 266 270 278 290
246: 203 204 226 237 259 269 271 279 282 286 290 292 299 601
247: 208 211 214 215 217 223 232 243 267 270 294 299
248: 210 213 223 225 227 229 253 257 264 495 515
249: 218 242 263 266 282 284 298
250: 201 202 206 225 226 244 251 253 269 270
251: 202 205 211 219 231 232 237 243 250 261 275 278 283 296 464 830 985
252: 213 218 231 239 245 257 293 594
253: 201 219 220 229 248 250 268 271
254: 203 232 242 262 279 285 293 295
255: 207 208 221 232 234 240 258 260 264 266 268 272 282 286 296
256: 207 209 221 225 237 243 245 280 298 699
257: 205 206 224 227 239 248 252 260 275 293 294 969
258: 206 214 221 230 237 245 255 266 281 282 283 369 479
259: 210 211 232 233 236 246 262 269 270 273 284 299 668
260: 201 204 216 222 223 255 257 292 906
261: 214 220 222 224 233 240 245 251 288
262: 211 244 254 259 269 273 274 285 290 295
263: 33 209 210 212 218 227 231 233 239 249 277 679 973
264: 212 229 243 244 248 255 266 277 285 337 353 475 757
265: 200 204 207 209 212 213 216 267 280 288 290
266: 210 218 223 228 234 237 243 245 249 255 258 264 274 275 279
267: 201 247 265 270 297 299 769
268: 32 210 216 234 236 253 255 275 286
269: 201 228 235 246 250 259 262 275 287 834
270: 207 222 238 239 245 247 250 259 267 272 288 290 292 772
271: 206 211 218 231 235 238 246 253 272 280 286 295 958
272: 207 218 223 229 244 255 270 271 284 288 295
273: 206 207 208 211 233 259 262 292
274: 35 201 208 209 262 266 275 286 290 291 366
275: 206 208 227 234 251 257 266 268 269 274 291
276: 206 217 225 231 235 283 296 661
277: 200 211 229 230 232 236 263 264 282 289 292 757
278: 207 208 225 227 230 238 245 251 401
279: 211 222 244 246 254 266 296
280: 206 211 216 227 229 232 234 237 241 256 265 271 734
281: 204 216 217 219 221 244 258 290 293
282: 165 203 221 224 246 249 255 258 277 283 286 768
283: 208 227 230 242 251 258 276 282 290 919
284: 202 237 249 259 272 293 295 297 298
285: 79 207 214 220 225 226 243 254 262 264 289
286: 203 205 208 228 246 255 268 271 274 282 291 753
287: 178 222 230 239 269 288 292 295
288: 211 214 220 229 234 238 241 244 261 265 270 272 287 293 294 299
289: 216 221 222 231 232 234 235 237 277 285 294 299
290: 209 213 226 238 245 246 262 265 270 274 281 283 293
291: 202 207 211 230 237 241 274 275 286 299
292: 214 246 260 270 273 277 287 512
293: 206 208 221 226 229 231 240 252 254 257 281 284 288 290
294: 207 226 237 243 247 257 288 289 298 586
295: 229 233 234 254 262 271 272 284 287
296: 209 210 220 227 229 239 243 251 255 276 279
297: 205 206 214 215 235 236 267 284 298
298: 208 220 228 231 237 238 240 249 256 284 294 297
299: 204 226 228 237 244 246 247 259 267 288 289 291 521 891
300: 196 315 329 361 387 393
301: 309 313 318 322 324 325 336 338 346 354 356 365 375 879
302: 80 307 310 322 331 332 347 357 363 365 393 394 396
303: 304 314 315 328 335 368 372 383 388
304: 303 307 339 347 350 353
305: 323 325 326 335 349 391
306: 311 312 315 317 344 346 365 367 372 378 384 391 421 992
307: 302 304 313 318 330 338 363 377
308: 322 328 340 350 352 353 358 372 373
309: 301 312 319 320 327 342 343 350 356 363 375 381 395 398
310: 302 319 324 346 387 392
311: 142 306 315 327 354 369 374 376 385 785
312: 206 306 309 313 323 326 348 351 356 358 364 367 370 382 383 390 391 396 626 984
313: 301 307 312 320 331 367 382 391 434
314: 23 303 316 327 329 339 356 368 369 375 396
315: 300 303 306 311 318 329 336 367 378 385 393
316: 314 319 341 356 377 439
317: 306 327 334 344 350 355 356 380 384 396
318: 301 307 315 319 335 353 359 360 372 377 382 384
319: 309 310 316 318 327 336 349 359 362 375 382 387 390 399 703
320: 309 313 328 333 335 353 356 368 372 378 379 380 398
321: 331 332 344 360 394
322: 301 302 308 324 335 371 388 391
323: 305 312 344 363 375 384 386 388
324: 17 40 301 310 322 333 338 342 344 358 359 383 386 389
325: 301 305 330 344 358 370 380 393 394 397 399
326: 305 312 335 347 353 369 371 377 398 555 742
327: 34 105 309 311 314 317 319 328 332 348 352 355 356 360 391 395 397
328: 303 308 320 327 330 335 345 348 361 374 376 378 384 389 398
329: 300 314 315 341 349 350 354 376 382 391
330: 307 325 328 332 333 352 371 388 558 932
331: 123 302 313 321 340 352 372 379 398 915
332: 302 321 327 330 347 348 353 355 374 386 391 392 538
333: 320 324 330 334 336 340 354 371 373 376 380 390 392 393
334: 317 333 337 353 371 373 376 384 385 387 396 398
335: 131 303 305 318 320 322 326 328 358 378 387 395 398 877
336: 301 315 319 333 338 357 359 372 394
337: 264 334 341 348 349 382 386 387 390 662 685 980
338: 301 307 324 336 345 357 360 362 365 399 651
339: 304 314 356 361 392 498
340: 308 331 333 341 342 367 389 393 395 716
341: 316 329 337 340 342 352 368 370 373 389 391 399
342: 309 324 340 341 347 352 366 370 384 397
343: 309 351 360 371 377 388 396 397 399
344: 306 317 321 323 324 325 364 365 366 370 371 380
345: 328 338 347 357 362 370 376 379 389 931 960 994
346: 212 301 306 310 357 363 395 397 590
347: 302 304 326 332 342 345 353 360 370 373 377 393 397 471
348: 312 327 328 332 337 351 359 360 368 390 392 393 397
349: 305 319 329 337 352 353 357 363 365 372 387 394 397 648
350: 304 308 309 317 329 356 367 380 389 390
351: 312 343 348 358 361 369 370 387 393 394 399
352: 308 327 330 331 341 342 349 357 362 364 373 390 397
353: 264 304 308 318 320 326 332 334 347 349 359 367 371 377 391 394 395
354: 301 311 329 333 357 379 387 388
355: 317 327 332 372 375 392 422 869
356: 301 309 312 314 316 317 320 327 339 350 361 370 371 381 382
357: 302 336 338 345 346 349 352 354 377 381 384 393 394 397 398
358: 186 308 312 324 325 335 351 361 373 378 387
359: 86 318 319 324 336 348 353 365 373 378 394 468 895
360: 318 321 327 338 343 347 348 361 387 602
361: 300 328 339 351 356 358 360 370 377 384 390 397 640
362: 319 338 345 352 371 388 396 398
363: 302 307 309 323 346 349 370 375 378 593
364: 312 344 352 371 373 383 397
365: 301 302 306 338 344 349 359 367 376 384 718
366: 274 342 344 376 387 391 606
367: 306 312 313 315 340 350 353 365 372
368: 303 314 320 341 348 369 373 379 384 386 394 395
369: 77 258 311 314 326 351 368 372 382 386 392 479
370: 312 325 341 342 344 345 347 351 356 361 363 376 377 384 386 391 658 956
371: 322 326 330 333 334 343 344 353 356 362 364 392 394 926
372: 303 306 308 318 320 331 336 349 355 367 369 382 387 397
373: 308 333 334 341 347 352 358 359 364 368 379 380 387 388 394 414
374: 311 328 332 386 390 394 396
375: 301 309 314 319 323 355 363 399 875
376: 199 311 328 329 333 334 345 365 366 370 392
377: 307 316 318 326 343 347 353 357 361 370 391 490 739
378: 306 315 320 328 335 358 359 363
379: 320 331 345 354 368 373 386 586
380: 317 320 325 333 344 350 373 590
381: 309 356 357 387 390 457
382: 312 313 318 319 329 337 356 369 372 398
383: 303 312 324 364 393 397
384: 306 317 318 323 328 334 342 357 361 365 368 370
385: 311 315 334 396 846
386: 323 324 332 337 368 369 370 374 379
387: 300 310 319 334 335 337 349 351 354 358 360 366 372 373 381 585
388: 303 322 323 330 343 354 362 373 393 399
389: 134 324 328 340 341 345 350 393 397
390: 312 319 333 337 348 350 352 361 374 381
391: 305 306 312 313 322 327 329 332 341 353 366 370 377 526
392: 310 332 333 339 348 355 369 371 376 399
393: 300 302 315 325 333 340 347 348 351 357 383 388 389 395
394: 302 321 325 336 349 351 353 357 359 368 371 373 374 398
395: 309 327 335 340 346 353 368 393
396: 302 312 314 317 334 343 362 374 385 529 864 970
397: 325 327 342 343 346 347 348 349 352 357 361 364 372 383 389
398: 309 320 326 328 331 334 335 357 362 382 394 713
399: 319 325 338 341 343 351 375 388 392
400: 407 428 431 433 443 446 459 462 496 757
401: 278 421 440 449 454 461 463 478 492 506
402: 418 424 434 438 441 457 474 483 486 492
403: 415 425 428 431 432 436 441 451 459 466 484
404: 166 411 413 430 442 448 453 488 515 885
405: 409 411 417 418 419 442 445 455 456 460 472 490 496
406: 407 412 429 440 443 461 462 474 482 488 499 588
407: 400 406 420 421 423 429 469 471 495 682 877
408: 409 441 461 469 484 495
409: 405 408 428 431 432 436 439 466 477 484 491 498 499 815
410: 437 444 454 459 470 480 486 493
411: 404 405 423 427 435 448 454 458 478 481 485 494 495 908
412: 406 418 425 428 431 433 439 471 488 887 920
413: 404 414 416 423 425 450 461 468 469 472 488 496 709
414: 373 413 422 427 442 468 480 481 488
415: 403 416 432 436 441 444 450 458 465 472 474 481 497
416: 413 415 417 420 427 432 433 452 465 469 472 486 489 499 772
417: 405 416 424 426 429 435 443 445 450 466 473 475 477 481 482 493 937
418: 402 405 412 421 429 438 440 442 445 462 465 476 483 495 496 995
419: 405 421 432 435 440 445 465 470 482 484
420: 407 416 422 429 434 435 436 443 451 455 463 469 480 487 495
421: 306 401 407 418 419 424 427 438 448 463 464 488 494 538 583 772
422: 355 414 420 424 427 436 443 468 471 484 485 494
423: 407 411 413 433 436 444 447 448 456 467 472 473 484 486 488 490 491 492 494 499
424: 402 417 421 422 427 439 445 446 454 468 469 474 890
425: 403 412 413 431 433 442 450 468 470 473 474 478 480
426: 417 441 479 484
427: 411 414 416 421 422 424 430 436 442 444 449 455 461 466 469 471 495 498
428: 400 403 409 412 438 449 450 461 463 464 480 491 495
429: 406 407 417 418 420 462 463 481 494 497 779 791
430: 404 427 451 453 464 484 486 488
431: 141 400 403 409 412 425 441 443 454 470 499 613
432: 403 409 415 416 419 439 473 477 478 481 488 490 499
433: 400 412 416 423 425 443 454 460 467 468 477 483
434: 313 402 420 435 451 458 462 465 478 880
435: 94 411 417 419 420 434 438 443 444 445 458 459 474 663
436: 403 409 415 420 422 423 427 444 486
437: 410 457 472 473 480 483 494
438: 402 418 421 428 435 441 446 449 457 468 472 484 486 496 497
439: 316 409 412 424 432 452 477 481 483 493 897
440: 2 401 406 418 419 456 458 461 466 496 497 654
441: 402 403 408 415 426 431 438 447 449 450 465 490 535
442: 141 404 405 414 418 425 427 447 459 493 581 763
443: 400 406 417 420 422 431 433 435 448 453 466 482 536
444: 410 415 423 427 435 436 451 457 459 471 477 479 482 488
445: 405 417 418 419 424 435 449 454 459 462 477 480 491 494
446: 152 400 424 438 452 486 488 494 623 831
447: 423 441 442 471 480 489
448: 404 411 421 423 443 462 464 468 475 482 485 494
449: 401 427 428 438 441 445 455 463 466 476 489 494
450: 413 415 417 425 428 441 455 467 472 485 493 520
451: 403 420 430 434 444 480 499
452: 416 439 446 458 463 464 465 472 483 546
453: 404 430 443 457 467 480 663
454: 159 401 410 411 424 431 433 445 463 464 467 485 757
455: 405 420 427 449 450 461 487 490
456: 405 423 440 457 473 494 715
457: 381 402 437 438 444 453 456 458 459 489 490 491
458: 411 415 434 435 440 452 457 465 468 475 478
459: 400 403 410 435 442 444 445 457 476
460: 405 433 468 477 482 492 800
461: 401 406 408 413 427 428 440 455 485 665
462: 400 406 418 429 434 445 448 466 468 469 474 480 486
463: 401 420 421 428 429 449 452 454 474 481 499
464: 251 421 428 430 448 452 454 469 471 484 491 492 499 672
465: 99 415 416 418 419 434 441 452 458 468 476 489
466: 113 403 409 417 427 440 443 449 462 473 482 490 493 499
467: 423 433 450 453 454 474 490
468: 359 413 414 422 424 425 433 438 448 458 460 462 465 471 472
469: 407 408 413 416 420 424 427 462 464 470 481 483 556
470: 410 419 425 431 469 471 486 491 810
471: 347 407 412 422 427 444 447 464 468 470 491 497
472: 405 413 415 416 423 437 438 450 452 468 473 490 494 609
473: 417 423 425 432 437 456 466 472 495 496
474: 402 406 415 424 425 435 462 463 467 477 486
475: 264 417 448 458 482 491 497 499
476: 418 449 459 465 482 483 486 491 492 493 497
477: 102 409 417 432 433 439 444 445 460 474 493
478: 401 411 425 432 434 458 491 554 945
479: 115 258 369 426 444 491
480: 410 414 420 425 428 437 445 447 451 453 462 482 489 494 507
481: 411 414 415 417 429 432 439 463 469 482 489
482: 406 417 419 443 444 448 460 466 475 476 480 481 487
483: 402 418 433 437 439 452 469 476 484 499 909
484: 220 403 408 409 419 422 423 426 430 438 464 483
485: 144 411 422 448 450 454 461 492 493 499 835
486: 402 410 416 423 430 436 438 446 462 470 474 476 490 494
487: 420 455 482
488: 404 406 412 413 414 421 423 430 432 444 446 491 860
489: 416 447 449 457 465 480 481 491 499
490: 17 108 377 405 423 432 441 455 457 466 467 472 486 498 528 865
491: 59 409 423 428 445 457 464 470 471 475 476 478 479 488 489
492: 401 402 423 460 464 476 485 625
493: 410 417 439 442 450 466 476 477 485 494 499
494: 411 421 422 423 429 437 445 446 448 449 456 472 480 486 493
495: 248 407 408 411 418 420 427 428 473 497 499
496: 83 400 405 413 418 438 440 473
497: 415 429 438 440 471 475 476 495
498: 156 339 409 427 490
499: 88 406 409 416 423 431 432 451 463 464 466 475 483 485 489 493 495 923
500: 510 511 516 522 524 531 537 555 559 569 572 575 599
501: 503 511 512 516 518 526 533 535 536 547 548 557 558 559 568 570 581 583 591 687
502: 506 511 538 550 572 579 630
503: 501 520 521 557 561 562 563 576 583 587 589 592 593 598
504: 511 529 532 573 576
505: 512 524 528 530 543 544 550 561 568 572 595 597
506: 103 401 502 510 513 517 535 567 578 581 584 594 595 597 945
507: 480 559 561 573 575
508: 518 525 562 564 569 574 577 588 596 709
509: 538 570 571 585 592
510: 500 506 511 519 534 535 566 570 575 585 588 622
511: 500 501 502 504 510 512 524 534 542 566 572 589 596
512: 292 501 505 511 518 519 536 555 570 572 573 580 586 587 594 599
513: 506 545 552 560 564 570 583 589 592
514: 90 519 524 525 534 562 567 568 575 576 584 589 607
515: 217 248 404 534 543 547 561 575 585 599
516: 22 500 501 523 527 538 561 574 578 581 589 753 789
517: 82 506 519 525 526 531 546 553 570 580 600
518: 501 508 512 534 538 557 561 565 580 595
519: 510 512 514 517 529 533 536 537 548 561 563 565 578 595
520: 450 503 524 529 531 548 556 568 569 576 578 598
521: 299 503 526 543 547 548 554 560 563 567 572 578
522: 500 523 530 532 533 558 563 577 584 592
523: 516 522 543 563 568 585 588 593
524: 500 505 511 514 520 525 526 541 552 560 575 576 585
525: 508 514 517 524 545 546 552 556 566 569 575 581
526: 11 65 391 501 517 521 524 530 534 538 541 543 547 557 585 586 592 595 882
527: 516 538 553 574 591
528: 490 505 530 535 542 559 563 570 576
529: 396 504 519 520 531 541 550 572 589 591 595
530: 505 522 526 528 536 542 560 562 571 575 580 727
531: 500 517 520 529 541 548 572 575
532: 504 522 541 543 544 545 556 558 582 585 591 596 597
533: 501 519 522 541 548 556 567 573 575 581 583 597 598
534: 510 511 514 515 518 526 536 552 553 567 568
535: 241 441 501 506 510 528 537 548 553 560 574 575 583 586
536: 443 501 512 519 530 534 547 564 569 570 588
537: 238 500 519 535 543 559 565
538: 332 421 502 509 516 518 526 527 546 567 569 573
539: 545 554 558 572 587 596 704
540: 560 570 578 579 587 924
541: 524 526 529 531 532 533 548 551 553 557 562 565 568 571 572 588 592 595 596 628
542: 158 511 528 530 567 588 589 591
543: 505 515 521 523 526 532 537 579 590 594 907
544: 505 532 546 570 764
545: 513 525 532 539 560 563 576
546: 452 517 525 538 544 569 584 592 595 597
547: 51 501 515 521 526 536 548 556 566 569 586 592
548: 501 519 520 521 531 533 535 541 547 557 559 572 580 588 595 970
549: 134 558 561 571 574 585 595
550: 502 505 529 564 569 586 589 593 826
551: 541 566 571 589 597
552: 513 524 525 534 589 599
553: 517 527 534 535 541 563 571 577 586 592 596 597 628
554: 478 521 539 555 556 564 573 581 583
555: 43 326 500 512 554 566 575 577 585
556: 469 520 525 532 533 547 554 557 559
557: 501 503 518 526 541 548 556 564 565 569 588 589
558: 330 501 522 532 539 549 562 563 568 575 578 580 582 586 593 599
559: 500 501 507 528 537 548 556 562 572 589 594 597 617
560: 513 521 524 530 535 540 545 567 581 590 596 597 599
561: 503 505 507 515 516 518 519 549 569 574 587 589 783
562: 503 508 514 530 541 558 559 598
563: 503 519 521 522 523 528 545 553 558 565 594 595 599
564: 508 513 536 550 554 557 569 585 586
565: 518 519 537 541 557 563 567 578 579 589 912
566: 37 510 511 525 547 551 555 585
567: 506 514 521 533 534 538 542 560 565 571 598
568: 501 505 514 520 523 534 541 558 571 583 588 595
569: 500 508 520 525 536 538 546 547 550 557 561 564 581 896
570: 122 501 509 510 512 513 517 528 536 540 544 575 582 584 599
571: 27 179 509 530 541 549 551 553 567 568 573 580 664 851 962
572: 500 502 505 511 512 521 529 531 539 541 548 559 582 918
573: 504 507 512 533 538 554 571
574: 508 516 527 535 549 561 579 599
575: 500 507 510 514 515 524 525 530 531 533 535 555 558 570
576: 503 504 514 520 524 528 545 592
577: 66 508 522 553 555 596 640 653
578: 506 516 519 520 521 540 558 565 586 591 744 859
579: 502 540 543 565 574 585 593 596 617
580: 512 517 518 530 548 558 571 596
581: 442 501 506 516 525 533 554 560 569 588 589 592
582: 44 532 558 570 572 585 599
583: 421 501 503 513 533 535 554 568 584
584: 506 514 522 546 570 583
585: 387 509 510 515 523 524 526 532 549 555 564 566 579 582 590
586: 294 379 512 526 535 547 550 553 558 564 578 587 596 629
587: 503 512 539 540 561 586 662
588: 406 508 510 523 536 541 542 548 557 568 581
589: 144 503 511 513 514 516 529 542 550 551 552 557 559 561 565 581
590: 346 380 543 560 585
591: 219 501 527 529 532 542 578 596
592: 503 509 513 522 526 541 546 547 553 576 581
593: 363 503 523 550 558 579 596 639
594: 252 506 512 543 559 563 598 599 607 663
595: 70 505 506 518 519 526 529 541 546 548 549 563 568 596
596: 508 511 532 539 541 553 560 577 579 580 586 591 593 595
597: 505 506 532 533 546 551 553 559 560
598: 503 520 533 562 567 594
599: 500 512 515 552 558 560 563 570 574 582 594 895
600: 517 610 614 620 622 630 641 680 681 686 692
601: 246 605 611 613 616 618 631 634 645 669 686
602: 360 625 634 636 651 653 657 663 684 697
603: 615 629 632 636 642 653 658 666 681 683 686 695 696 948
604: 606 609 638 642 648 660 664 668 676 678 695 696
605: 601 607 614 634 653 656 657 667 674 833
606: 366 604 608 629 630 656 660 668 694
607: 514 594 605 608 610 636 637 658 675 681 682
608: 606 607 610 623 635 671 672 688 972
609: 472 604 610 626 631 635 638 653 657 667 685 696 736 817
610: 69 600 607 608 609 612 617 619 648 655 671 677 679 683 684 687 693
611: 601 629 643 646 655 666 674 685 687 689 836 925
612: 610 626 632 654 656 657 673 681 690 961
613: 431 601 616 623 645 670 676 694 699
614: 193 600 605 616 618 631 652 680 768
615: 603 621 642 661 671 674 682 695 698 964
616: 601 613 614 638 648 649 651 654 670 673 677 678 683 696 858
617: 32 559 579 610 621 644 645 646 660 672 678 691 693 947
618: 2 601 614 621 650 655 664 666 675 681 693 694
619: 76 610 688
620: 600 627 630 638 639 643 657 663 674 681 684 692 699
621: 615 617 618 635 640 641 651 655 662 673 678 680 684 912
622: 510 600 626 646 649 658 662 697
623: 446 608 613 638 644 647 653 655 658 666 675 689 690 695 696
624: 90 669 678 690 692
625: 61 492 602 630 636 651 654 656 658 665 675 677 679 680
626: 312 609 612 622 631 659 671 672 689 699
627: 620 645 663 667 668 673 681 699 892
628: 541 553 631 641 647 648 649 672 692 695
629: 50 586 603 606 611 630 664 672 693 698
630: 164 502 600 606 620 625 629 634 635 644 645 668 674 676 681
631: 601 609 614 626 628 649 660 684 686 694
632: 603 612 633 645 651 669 686
633: 632 635 650 660 664 665 667 678 680 693
634: 601 602 605 630 635 676 679 681 683 690 696 698 981
635: 608 609 621 630 633 634 666 672 674 678 680
636: 602 603 607 625 647 658 663 664 674 679 683 688 696
637: 607 642 652 653 654 688
638: 143 604 609 616 620 623 640 645 649 653 685 690
639: 593 620 648 649 650 652 657 668 677 682 685
640: 361 577 621 638 646 658 665 666 671 684 693 704
641: 600 621 628 650 656 665 669 670 680 683 996
642: 603 604 615 637 649 689 691 697 821
643: 71 175 611 620 651 658 659 663 679 691
644: 617 623 630 649 666 693
645: 601 613 617 627 630 632 638 667 676 681 683 684 696
646: 611 617 622 640 647 669 670 678 688
647: 623 628 636 646 664 667 670 674
648: 349 604 610 616 628 639 661 662 664 671 677 865
649: 616 622 628 631 638 639 642 644 655 682 683 688 694 696
650: 618 633 639 641 652 661 667 670 673 676
651: 338 602 616 621 625 632 643 657 662 676 688 693
652: 614 637 639 650 657 665 669 670 677 690 692 696
653: 577 602 603 605 609 623 637 638 656 661 663
654: 440 612 616 625 637 660 670 694 698
655: 610 611 618 621 623 649 694 695
656: 7 605 606 612 625 641 653 666 675 687 693 698
657: 602 605 609 612 620 639 651 652 658 678 768
658: 370 603 607 622 623 625 636 640 643 657 663 666 672 678 682
659: 626 643 660 674 694
660: 604 606 617 631 633 654 659 663 679 687
661: 227 276 615 648 650 653 681
662: 337 587 621 622 648 651 664 666 694 698 699
663: 435 453 594 602 620 627 636 643 653 658 660 671 697 928
664: 60 224 571 604 618 629 633 636 647 648 662 680 683 685 697
665: 461 625 633 640 641 652 669 674 689 701
666: 603 611 618 623 635 640 644 656 658 662 667 672 674 676 691
667: 59 605 609 627 633 645 647 650 666 680 683 687 696 706
668: 259 604 606 627 630 639 676 690 691 692 699
669: 601 624 632 641 646 652 665 675 676 697
670: 613 616 641 646 647 650 652 654 675 680 780
671: 608 610 615 626 640 648 663 673 679 680
672: 464 608 617 626 628 629 635 658 666 682 689
673: 612 616 621 627 650 671 681
674: 605 611 615 620 630 635 636 647 659 665 666
675: 607 618 623 625 656 669 670 684 698 787
676: 604 613 630 634 645 650 651 666 668 669 689 859
677: 610 616 625 639 648 652
678: 604 616 617 621 624 633 635 646 657 658 680
679: 263 610 625 634 636 643 660 671 688 691 693 696
680: 600 614 621 625 633 635 641 664 667 670 671 678 681 683 693
681: 600 603 607 612 618 620 627 630 634 645 661 673 680 695 697
682: 407 607 615 639 649 658 672 693 699 946
683: 603 610 616 634 636 641 645 649 664 667 680 687 934
684: 602 610 620 621 631 640 645 675 688
685: 112 337 609 611 638 639 664 693
686: 600 601 603 631 632 687
687: 501 610 611 656 660 667 683 686 696
688: 608 619 636 637 646 649 651 679 684 692
689: 611 623 626 642 665 672 676 809
690: 612 623 624 634 638 652 668 694 788 997
691: 183 617 642 643 666 668 679
692: 160 600 620 624 628 652 668 688
693: 10 610 617 618 629 633 640 644 651 656 679 680 682 685
694: 158 606 613 618 631 649 654 655 659 662 690 699 950
695: 603 604 615 623 628 655 681
696: 603 604 609 616 623 634 636 645 649 652 667 679 687
697: 163 602 622 642 663 664 669 681 799
698: 615 629 634 654 656 662 675 949
699: 256 613 620 626 627 662 668 682 694 994
700: 720 722 723 745 753 758 768 773 940
701: 71 665 702 707 717 719 725 726 729 732 736 745 746 749 753 758 772 789 791 794
702: 701 708 714 718 720 726 741 746 747 754 768 781 791 795 797 798
703: 319 706 708 709 721 725 729 734 737 753 755 760 776 794
704: 539 640 731 734 738 740 759 766 768 774 775 798 875
705: 719 723 727 730 731 738 740 764 787 792 793 798
706: 667 703 713 723 739 747 760 764 785 788
707: 701 709 712 714 735 739 745 749 752 761 763 767 771 772 776 780 799
708: 702 703 713 726 728 735 743 760 761 768 778 791 792
709: 413 508 703 707 715 716 720 739 754 758 767 769 773 775 781 791 894
710: 81 713 725 741 791 794
711: 169 727 733 750 756 759 767 773 774 777 780 783 786 793 794
712: 203 707 740 741 752 755 771 773 776 788 793
713: 398 706 708 710 720 734 742 758 790
714: 702 707 746 764 772 780 783
715: 456 709 720 726 728 763 775 794 908
716: 82 340 709 732 739 748 769 774 776 777 797
717: 146 701 726 728 729 743 765 767 768 775 783 793
718: 365 702 727 733 744 745 748 753 782 794
719: 701 705 723 728 746 750 781
720: 700 702 709 713 715 737 738 741 752 755 776 781
721: 703 725 737 743 744 752 754 777 784 787 790
722: 166 189 700 723 725 734 735 782 787 794 799
723: 700 705 706 719 722 724 741 756 764 768 781 785 849
724: 723 731 753 756 775 779 800
725: 701 703 710 721 722 727 735 740 763 764 793
726: 130 135 701 702 708 715 717 734 755 788 796
727: 530 705 711 718 725 739 740 741 743 747 749 765 779 789 793 834 916
728: 75 708 715 717 719 745 764 789 790
729: 701 703 717 730 732 751 753 768 780 783
730: 705 729 733 736 737 741 753 756 770 771 786 787 798 799
731: 704 705 724 735 754 756 763 773 774 789 791 793
732: 701 716 729 742 747 785
733: 711 718 730 777 780 784 790 792
734: 280 703 704 713 722 726 749 778 781 782 795 796 797
735: 707 708 722 725 731 766 798
736: 609 701 730 748 772 787 788
737: 703 720 721 730 745 748 749 765 771 773 786 787 797 798
738: 704 705 720 763 768
739: 377 706 707 709 716 727 742 758 765 767 778 785 789 790 794 798
740: 704 705 712 725 727 763 774 779 782 789 820 834 898
741: 702 710 712 720 723 727 730 758 763 783 789 797
742: 326 713 732 739 746 755 766 774 780 786
743: 104 708 717 721 727 754 761 772 779 783
744: 64 578 718 721 752 759 766 770 778 799
745: 700 701 707 718 728 737 753 755 769 791 796
746: 701 702 714 719 742 747 755 768 791
747: 702 706 727 732 746 758 764 772 778 791 792
748: 716 718 736 737 759 763 764 768 771
749: 168 701 707 727 734 737 758 763 771 775 782 786 792 833
750: 711 719 771 779 781 782 790 792 795
751: 729 756 773 795
752: 707 712 720 721 744 760 788 791 798
753: 286 516 700 701 703 718 724 729 730 745 762 769 773 774 789 793 794 798 799
754: 112 702 709 721 731 743 756 780 781 789
755: 703 712 720 726 742 745 746 760 783 792 795
756: 711 723 724 730 731 751 754 774 779 781
757: 264 277 400 454 758 760 774 791 796 913
758: 700 701 709 713 739 741 747 749 757 777 782 798
759: 704 711 744 748 761 770 771 779 780 784
760: 703 706 708 752 755 757 763 764 780 783 784 785 787 793
761: 707 708 743 759 774 784 785 998
762: 753 765 767 773 784 791 919
763: 442 707 715 725 731 738 740 741 748 749 760 773 775 776 792
764: 544 705 706 714 723 725 728 747 748 760 766 775
765: 717 727 737 739 762 779 781 782 865
766: 704 735 742 744 764 775 781 796
767: 707 709 711 717 739 762 773 785 787 799
768: 26 282 614 657 700 702 704 708 717 723 729 738 746 748 779 790 798 799
769: 267 709 716 745 753 776 785 788 793
770: 730 744 759 775 788 796
771: 232 707 712 730 737 748 749 750 759 776 792
772: 270 416 421 701 707 714 736 743 747 788
773: 700 709 711 712 731 737 751 753 762 763 767 788
774: 704 711 716 731 740 742 753 756 757 761 787
775: 704 709 715 717 724 749 763 764 766 770 777 779 784 790
776: 202 703 707 712 716 720 763 769 771 777
777: 159 711 716 721 733 758 775 776 797 798
778: 98 708 734 739 744 747 782
779: 429 724 727 740 743 750 756 759 765 768 775 797 799
780: 670 707 711 714 729 733 742 754 759 760 790 795
781: 221 702 709 719 720 723 734 750 754 756 765 766
782: 718 722 734 740 749 750 758 765 778 797
783: 561 711 714 717 729 741 743 755 760 787 789
784: 721 733 759 760 761 762 775 786 790 873
785: 311 706 723 732 739 760 761 767 769 797
786: 711 730 737 742 749 784 790
787: 156 675 705 721 722 730 736 737 760 767 774 783 796
788: 690 706 712 726 736 752 769 770 772 773
789: 516 701 727 728 731 739 740 741 753 754 783
790: 184 713 721 728 733 739 750 768 775 780 784 786 797
791: 135 429 701 702 708 709 710 731 745 746 747 752 757 762 792 795 798 932
792: 705 708 733 747 749 750 755 763 771 791
793: 705 711 712 717 725 727 731 753 760 769 794 991
794: 701 703 710 711 715 718 722 739 753 793 797 798 892 901
795: 102 702 734 750 751 755 780 791
796: 151 726 734 745 757 766 770 787
797: 702 716 734 737 741 777 779 782 785 790 794 994
798: 118 702 704 705 730 735 737 739 752 753 758 768 777 791 794 799
799: 697 707 722 730 744 753 767 768 779 798
800: 460 724 803 823 825 832 834 837 854 870 871 883 895 899
801: 811 840 846 848 857 859 878 885
802: 827 840 849 851 853 859 891 893 897
803: 800 827 829 850 857 861 863 877 892 893 898
804: 827 835 837 839 846 861 871 876 878 893 896
805: 810 814 822 824 828 857 858 869 872
806: 818 848 862 867 875 883 889
807: 185 857 858 861 862 866 871 878 884 895
808: 815 833 841 859 869 877 881 897
809: 689 834 839 851 865 873 875 877 884 886 892
810: 470 805 833 835 869 896 898 899
811: 801 812 840 871 876 878 881 882 897 899
812: 811 814 860 866 869 871 879 881 887 889 895 897
813: 815 823 839 844 848 856 857 865 869 874 878 885 888 889
814: 805 812 823 827 828 836 839 843 848 850 852 860 867 876 880 891
815: 409 808 813 827 833 848 851 857 863 872 873 879 888 891
816: 824 837 838 853 861 877
817: 609 822 829 841 843 847 864 880 885 898
818: 197 806 830 833 845 847 852 878 889 896 899
819: 8 833 836 857 888 891 897
820: 740 822 829 848 859 877 886 890 892
821: 642 824 839 844 851 858 868 879 881 882 886 888
822: 805 817 820 832 858 859 877 889 891
823: 800 813 814 846 851 855 866 882 893 899
824: 805 816 821 825 831 840 853 864 867 871 878 897 898
825: 800 824 827 829 869 880
826: 550 830 838 847 852 854 876 895 985
827: 802 803 804 814 815 825 856 857 862 865 882 887 891 892
828: 227 805 814 834 837 852 856 858 867 870 872 880 883 887 891 894 896 899
829: 803 817 820 825 857 877 881 891 892
830: 251 818 826 858 862 867 879 882 884 889 892 894
831: 446 824 833 875 878 887 890
832: 800 822 845 858 871 880 888 892 893 898
833: 605 749 808 810 815 818 819 831 848 870 882 896
834: 269 727 740 800 809 828 838 853 871 872 879 887
835: 485 804 810 848 852 862 869 872 875
836: 611 814 819 856 882 886 890
837: 800 804 816 828 854 857 862 863 864 893
838: 816 826 834 841 861 864 877 878
839: 804 809 813 814 821 840 844 852 863 888
840: 151 801 802 811 824 839 852 858 865 892
841: 808 817 838 845 870 875 880 892
842: 847 859 882 894 897
843: 814 817 852 854 864 880 882 884
844: 813 821 839 866
845: 818 832 841 855 874 883 895
846: 61 385 801 804 823 856 863 870 871 872 880 881
847: 817 818 826 842 859 861
848: 801 806 813 814 815 820 833 835 861 867 873 877 887 892
849: 723 802 854 871 875 890 891
850: 26 803 814 866 867 873 895
851: 4 571 802 809 815 821 823 872 873 879 886 889 893 894
852: 151 814 818 826 828 835 839 840 843 858 860 882 884
853: 802 816 824 834 868 875 890
854: 800 826 837 843 849 861 868 874 887 889 893
855: 823 845 869 882 896 897
856: 813 827 828 836 846 878 880
857: 7 152 801 803 805 807 813 815 819 827 829 837 868 870
858: 616 805 807 821 822 828 830 832 840 852 861 867 884 892
859: 202 578 676 801 802 808 820 822 842 847 869 870 882 897
860: 214 488 812 814 852 870 893 894
861: 803 804 807 816 838 847 848 854 858 863 871 873 886 890 892 898 899
862: 806 807 827 830 835 837 884 890 893
863: 803 815 837 839 846 861 867 881 883 884 965
864: 396 817 824 837 838 843 875 878
865: 490 648 765 809 813 827 840 878 886 889 890
866: 145 807 812 823 844 850 867 880 888
867: 806 814 824 828 830 848 850 858 863 866 872 875
868: 151 821 853 854 857 869 878
869: 355 805 808 810 812 813 825 835 855 859 868 876
870: 800 828 833 841 846 857 859 860 875 882 887 888 897
871: 800 804 807 811 812 824 832 834 846 849 861 873 874 878 890 894
872: 805 815 828 834 835 846 851 867 881 892 898
873: 784 809 815 848 850 851 861 871 884 896
874: 813 845 854 871 879 880 881 884 887 890
875: 375 704 806 809 831 835 841 849 853 864 867 870 882
876: 804 811 814 826 869 882
877: 335 407 803 808 809 816 820 822 829 838 848 879 883 887
878: 801 804 807 811 813 818 824 831 838 856 864 865 868 871 884 888 935
879: 301 812 815 821 830 834 851 874 877 882 895 897
880: 434 814 817 825 828 832 841 843 846 856 866 874 898
881: 808 811 812 821 829 846 863 872 874 882 886 890 895 898 977
882: 526 811 821 823 827 830 833 836 842 843 852 855 859 870 875 876 879 881 883 890 893 895 898
883: 800 806 828 845 863 877 882 893
884: 807 809 830 843 852 858 862 863 873 874 878 890 992
885: 404 801 813 817 889
886: 809 820 821 836 851 861 865 881 897
887: 412 812 827 828 831 834 848 854 870 874 877
888: 813 815 819 821 832 839 866 870 878 973
889: 806 812 813 818 822 830 851 854 865 885 978
890: 424 820 831 836 849 853 861 862 865 871 874 881 882 884 892 894
891: 299 802 814 815 819 822 827 828 829 849 892 898 899
892: 39 627 794 803 809 820 827 829 830 832 840 841 848 858 861 872 890 891 895
893: 77 802 803 804 823 832 837 851 854 860 862 882 883
894: 709 828 830 842 851 860 871 890 896 899
895: 359 599 800 807 812 826 845 850 879 881 882 892
896: 569 804 810 818 828 833 855 873 894
897: 439 802 808 811 812 819 824 842 855 859 870 879 886
898: 740 803 810 817 824 832 861 872 880 881 882 891
899: 800 810 811 818 823 828 861 891 894
900: 17 913 943 945 950 952 962 968 977
901: 158 794 907 908 962 970 977 982 993
902: 217 907 914 928 945 949 965 980 985
903: 916 922 933 938 943 958 970 972 982 991
904: 941 953 963 979 999
905: 916 924 954 956 962 968 973 982
906: 100 181 202 239 260 914 934 947 956 957 963 973 980 985 987
907: 543 901 902 910 922 923 945 963 970 976 986 994
908: 411 715 901 913 915 916 922 929 930 944 950 977 982 988 995
909: 483 922 934 936 950 951 969 993
910: 907 912 918 923 929 943 954 964 972 979
911: 920 924 934 983
912: 565 621 910 917 940 942 944 946 948 951 961 974 988 990 996
913: 757 900 908 923 924 930 939 954 959 961 962 964 965 975 976 996 997
914: 902 906 932 939 940 941 944 945 957 959 987 998
915: 331 908 922 931 939 944 946 949 951 984 993 997
916: 727 903 905 908 934 935 964 966 970 972 985 987
917: 223 912 918 934 935 941 970 975 983 985 989 996
918: 99 572 910 917 920 924 941 945 950 979 987
919: 283 762 925 928 931 932 941 946 960 971 974 975 980 987 996
920: 412 911 918 932 943 948 950 953 966 969 973 997
921: 925 937 954 964 972 979 982 984 989
922: 903 907 908 909 915 925 931 942 961 962 965 966 967 968 972 987 990 994 995
923: 499 907 910 913 926 937 947 951 975
924: 540 905 911 913 918 940 944 981 995 998
925: 611 919 921 922 951 966 979 980 982 993 998
926: 371 923 927 928 929 931 934 948 949 959 962 971 979 984 999
927: 926 948 964 967 970 982 983 989 993 994
928: 663 902 919 926 952 955 960 974 980
929: 126 908 910 926 936 961 967 969 981 986 987
930: 908 913 933 948 950 957 966 980 987 993
931: 345 915 919 922 926 932 941 967 979 980 981 992
932: 209 330 791 914 919 920 931 940 955 964 969 972 981 985 986 988 990 994 995 998
933: 903 930 938 948 949 975 983 988 990 999
934: 175 683 906 909 911 916 917 926 954 956 958 959 962 965 979 986 994
935: 878 916 917 938 939 958 966 989 995
936: 909 929 947 952 965 967 968 984
937: 417 921 923 939 942 945 972 975
938: 903 933 935 955 957 972 996
939: 913 914 915 935 937 951 954 972 977 981 992 994
940: 700 912 914 924 932 943 964 978 984 988
941: 904 914 917 918 919 931 946 968 969 991 992
942: 912 922 937 949 951 961 963 973 977
943: 900 903 910 920 940 953 964 985 996
944: 908 912 914 915 924 950 951 952 971 973 978 988 991 995
945: 478 506 900 902 907 914 918 937 953 957 973 976 992
946: 682 912 915 919 941 950 962 978 982 986 990 999
947: 617 906 923 936 957 992 993
948: 603 912 920 926 927 930 933 952 963 965 987
949: 698 902 915 926 933 942 958 959 968 972 976 981 983 994 996 999
950: 694 900 908 909 918 920 930 944 946 963 964 974 975 983 997 999
951: 909 912 915 923 925 939 942 944 952 955 963 964 967 970 977 986 991 993 996
952: 900 928 936 944 948 951 954 958 960 989 990 993 998
953: 904 920 943 945 964 992 998
954: 905 910 913 921 934 939 952 961 968 991
955: 928 932 938 951 984 985 987
956: 370 905 906 934 965 967 973 978 987 988
957: 906 914 930 938 945 947 974 975 976 985
958: 271 903 934 935 949 952
959: 913 914 926 934 949 972 979
960: 152 176 345 919 928 952 965 981
961: 612 912 913 922 929 942 954 963 969 986
962: 186 571 900 901 905 913 922 926 934 946 969 980 997
963: 904 906 907 942 948 950 951 961 968 972 982 987 989 990
964: 615 910 913 916 921 927 932 940 943 950 951 953 976 979 983 986 992 994
965: 863 902 913 922 934 936 948 956 960
966: 916 920 922 925 930 935 968 986
967: 922 927 929 931 936 951 956 973 996
968: 900 905 922 936 941 949 954 963 966 976 980 992 993 995
969: 149 257 909 920 929 932 941 961 962 970 978 985 989
970: 396 548 901 903 907 916 917 927 951 969 975 980 985 996
971: 919 926 944 986 991 996 997
972: 41 608 903 910 916 921 922 932 937 938 939 949 959 963 976 977 981 985
973: 263 888 905 906 920 942 944 945 956 967 978 993 994
974: 912 919 928 950 957 975 979
975: 913 917 919 923 933 937 950 957 970 974
976: 907 913 945 949 957 964 968 972 977 981 989 990
977: 881 900 901 908 939 942 951 972 976 992 998
978: 889 940 944 946 956 969 973 979 980 998 999
979: 904 910 918 921 925 926 931 934 959 964 974 978 995
980: 337 902 906 919 925 928 930 931 962 968 970 978
981: 634 924 929 931 932 939 949 960 972 976 992 993 996
982: 901 903 905 908 921 925 927 946 963
983: 911 917 927 933 949 950 964 994
984: 312 915 921 926 936 940 955
985: 251 826 902 906 916 917 932 943 955 957 969 970 972 988
986: 907 929 932 934 946 951 961 964 966 971
987: 906 914 916 918 919 922 929 930 948 955 956 963 988 990 992 996 999
988: 113 908 912 932 933 940 944 956 985 987 997 998
989: 917 921 927 935 952 963 969 976 997
990: 912 922 932 933 946 952 963 976 987
991: 793 903 941 944 951 954 971 994
992: 306 884 931 939 941 945 947 953 964 968 977 981 987
993: 901 909 915 925 927 930 947 951 952 968 973 981
994: 345 699 797 907 922 927 932 934 939 949 964 973 983 991 998
995: 107 418 908 922 924 932 935 944 968 979 997
996: 32 641 912 913 917 919 938 943 949 951 967 970 971 981 987
997: 690 913 915 920 950 962 971 988 989 995
998: 38 52 761 914 924 925 932 952 953 977 978 988 994
999: 904 926 933 946 949 950 978 987
