0: 1 12 27 28 29 61 67 71 73 78 83 84 764
1: 0 37 40 69 90 96 115 397 762 933
2: 5 13 23 24 27 41 42 59 68 75 93 96 227 681 702 825 979
3: 7 10 22 48 66 88 92 93 252 402 420 589
4: 18 28 31 36 51 59 67 68 73 86 89 439 703 756
5: 2 14 22 24 46 65 81 90 92 338 476 577 907
6: 9 23 25 35 38 53 75 84 93 440 509 546 572 585 772 777
7: 3 8 12 19 23 48 52 59 71 75 80 85 91 380 927 961
8: 7 12 13 22 40 45 57 67 70 81 82 85 89 144 201 274 808
9: 6 26 66 89 90 94 111 451 453 921 930
10: 3 15 21 38 40 42 48 49 58 59 62 69 71 72 98 224 463 488 926 965
11: 15 18 22 34 35 37 64 66 88 447 648 895
12: 0 7 8 13 29 30 42 49 51 62 64 76 80 87 594
13: 2 8 12 20 29 31 35 44 57 66 71 334 390 702 971
14: 5 34 44 48 51 71 81 97 98 140 320 596 655
15: 10 11 24 46 48 55 59 61 62 70 75 76 82 263 361 433 840 881 891 956
16: 22 23 27 35 42 50 57 67 120 302 990
17: 35 71 76 79 96 305 585 745
18: 4 11 21 26 70 77 87 558 749
19: 7 23 24 34 36 44 60 64 72 92 96 97 98 290 462 552 808 933
20: 13 21 30 32 37 60 76 85 90 97 253 497 597 619
21: 10 18 20 23 30 36 40 59 70 83 267 834 910 985
22: 3 5 8 11 16 57 70 75 82 87 376 398 648 901
23: 2 6 7 16 19 21 27 30 45 56 465 737 930
24: 2 5 15 19 26 27 41 65 70 89 90 243 307 344 783 790 827 860
25: 6 53 59 62 64 85 88 91 92 93 98 285 738 884 991
26: 9 18 24 29 33 39 40 47 49 52 57 75 84 94 97 98 223 290 382 428 857 921 983
27: 0 2 16 23 24 62 74 76 102 708 715 793 979 982
28: 0 4 31 33 41 56 66 82 301 487 572 616 737 738 987
29: 0 12 13 26 48 50 52 54 63 66 67 71 79 94 205 249 366 491 961
30: 12 20 21 23 43 52 59 60 65 78 85 87 92 93 242
31: 4 13 28 48 62 66 67 71 76 78 80 81 86 95 97 223 341 462 960
32: 20 48 62 64 70 72 92 460 497 572 758 775 906
33: 26 28 45 63 71 89 92 96 155 165 247 325 726 882
34: 11 14 19 41 46 60 411 527 539 797
35: 6 11 13 16 17 49 51 57 59 62 69 82 84 88 90 99 103 116 330 584 628 825
36: 4 19 21 43 46 67 71 95 796 953 999
37: 1 11 20 42 51 53 60 63 76 86 608 795 938 944
38: 6 10 40 45 47 54 68 81 87 96 105 166 471
39: 26 63 68 75 78 80 81 86 94 122 153 578 761 928 949
40: 1 8 10 21 26 38 46 61 78 116 204 278 469
41: 2 24 28 34 42 46 47 48 55 59 65 74 75 84 180 952
42: 2 10 12 16 37 41 49 55 69 70 82 87 88 90 93 107 251 276 364 580 607 631 750
43: 30 36 63 65 66 72 96 165 175 373 659 714 749 842 930
44: 13 14 19 56 60 61 64 70 73 104 525 571 703 745 747 887
45: 8 23 33 38 79 85 91 94 95 356 373 963
46: 5 15 34 36 40 41 60 61 69 971
47: 26 38 41 54 61 62 77 98 229 588 704 955
48: 3 7 10 14 15 29 31 32 41 70 392 519 866 936 992
49: 10 12 26 35 42 50 58 63 65 66 88 151 179 656
50: 16 29 49 57 59 66 76 81 84 85 96 97 110 209 249 867 948
51: 4 12 14 35 37 57 58 74 75 82 259 272 327 456 807 853 886 916
52: 7 26 29 30 56 57 60 66 68 76 82 85 90 95 97 99 264 429 690 996
53: 6 25 37 74 75 82 91 99 122 243 248 424 431 479 558 689
54: 29 38 47 55 59 65 68 69 70 72 73 76 80 86 129 175 242 255 316 407
55: 15 41 42 54 59 68 96 106 133 759
56: 23 28 44 52 82 92 197 464 687
57: 8 13 16 22 26 35 50 51 52 62 66 68 96 139 221 256 298 311 593 771 939 944 996
58: 10 49 51 63 65 70 72 76 82 91 96 98 258 483 492 618 699 963
59: 2 4 7 10 15 21 25 30 35 41 50 54 55 91 93 306 327 507 633 925 957
60: 19 20 30 34 37 44 46 52 78 88 94 97 98 254 281 325 508 791 908
61: 0 15 40 44 46 47 69 74 82 94 251 939 994
62: 10 12 15 25 27 31 32 35 47 57 67 75 77 83 84 86 87 88 139 173 358 364 471 553 634 893
63: 29 33 37 39 43 49 58 68 69 81 95 450 566 742 749 792 830 934
64: 11 12 19 25 32 44 66 68 73 273 318 494 550 770 838 927
65: 5 24 30 41 43 49 54 58 91 95 97 314
66: 3 9 11 13 28 29 31 43 49 50 52 57 64 72 77 85 94 366 388 412 496 757 796 824 837
67: 0 4 8 16 29 31 36 62 76 174 223 260 588 680 760 908 948 980
68: 2 4 38 39 52 54 55 57 63 64 168 430 446 499 574 599
69: 1 10 35 42 46 54 61 63 70 73 74 93 97 106 114 134 348 461 648
70: 8 15 18 21 22 24 32 42 44 48 54 58 69 79 93 95 99 698 966
71: 0 7 10 13 14 17 29 31 33 36 85 350 598 792 811
72: 10 19 32 43 54 58 66 76 90 98 99 262 424 939
73: 0 4 44 54 64 69 87 95 181 420 757 776
74: 27 41 51 53 61 69 92 95 99 366 580 706
75: 2 6 7 15 22 26 39 41 51 53 62 93 95 181 350 660 669 975 994
76: 12 15 17 20 27 31 37 50 52 54 58 67 72 86 91 94 188 203 622 945 988
77: 18 47 62 66 84 851
78: 0 30 31 39 40 60 85 160 180 327 354 584 737 746 868 974
79: 17 29 45 70 95 96 747 891 947 977
80: 7 12 31 39 54 309 395 544 734 920
81: 5 8 14 31 38 39 50 63 86 92 95 99 173 372 527 787 910 926 976 997
82: 8 15 22 28 35 42 51 52 53 56 58 61 92 431
83: 0 21 62 84 263 351 702 746 862
84: 0 6 26 35 41 50 62 77 83 98 99 414 451 800 853 988
85: 7 8 20 25 30 45 50 52 66 71 78 87 96 201 252 356 505 615 676 710 836 923 973
86: 4 31 37 39 54 62 76 81 89 91 113 297 354 473
87: 12 18 22 30 38 42 62 73 85 125 494 618 676 727
88: 3 11 25 35 42 49 60 62 90 91 99 120 125 405 553 601 745 897 979
89: 4 8 9 24 33 86 91 92 96 97 231 472 760
90: 1 5 9 20 24 35 42 52 72 88 94 313
91: 7 25 45 53 58 59 65 76 86 88 89 169 361 596 738 741 868
92: 3 5 19 25 30 32 33 56 74 81 82 89 173 241 294 355 467 569 678 701 707 959
93: 2 3 6 25 30 42 59 69 70 75 422 503 650 941
94: 9 26 29 39 45 60 61 66 76 90 272 387 926
95: 31 36 45 52 63 65 70 73 74 75 79 81 250 254 412 648 795 870 957 960
96: 1 2 17 19 33 38 43 50 55 57 58 79 85 89 99 222 712 928 997
97: 14 19 20 26 31 50 52 60 65 69 89 98 480 742
98: 10 14 19 25 26 47 58 60 72 84 97 230 735
99: 35 52 53 70 72 74 81 84 88 96 193 303 452 647 748 936
100: 110 113 121 155 157 168 174 198 481 739 836 918 983
101: 109 132 159 161 164 171 173 178 194 384 402 716
102: 27 126 129 141 151 156 162 178 180 231 286 796 888
103: 35 122 125 163 171 172 182 187 529 849 915
104: 44 110 112 115 125 142 146 157 172 175 176 184 187 196 355 357 741
105: 38 123 124 130 146 149 151 159 164 169 173 174 188 193 395 430 643 832
106: 55 69 108 123 126 133 134 135 147 159 162 164 181 189 191 270 348 558 587 918
107: 42 129 138 141 148 190 192 198 417 429 598 634
108: 106 111 131 149 161 165 182 193 196 339 423 752 865 884
109: 101 115 121 151 157 159 192 950
110: 50 100 104 124 130 132 133 153 156 176 179 194 620
111: 9 108 113 114 131 166 178 180 186 450 781
112: 104 118 123 126 132 133 138 151 162 189 190 194 198 543 664 676
113: 86 100 111 115 139 140 150 171 179 185 191 193 247 309 409 619 749
114: 69 111 123 126 130 132 135 141 178 199 213 317 441 806 837 907 938
115: 1 104 109 113 117 138 165 177 180 183
116: 35 40 119 126 128 134 148 157 175 182 183 195 607 644
117: 115 127 128 132 152 156 157 181 184 192 690 732 747 829
118: 112 135 152 154 268 562 737 763 963
119: 116 120 124 137 143 154 165 174 179 189 405 692 914
120: 16 88 119 187 190 192 276 366 379 507 603 627 796 805
121: 100 109 147 168 177 191 198 410 476 949
122: 39 53 103 136 138 140 141 142 151 161 168 180 185 887
123: 105 106 112 114 144 152 154 163 164 168 169 176 183 192 194 262 596 628
124: 105 110 119 140 145 151 152 168 169 188 240 334 769 918
125: 87 88 103 104 126 129 132 141 147 159 168 173 176 181 187 188 189 230 247 273 992
126: 102 106 112 114 116 125 167 171 174 196 197 198 314 531 677 715 828 849
127: 117 128 129 132 145 157 164 165 198 203 570 831
128: 116 117 127 130 149 155 156 168 183 184 197 213 535 586 803 813 844
129: 54 102 107 125 127 158 167 168 169 170 176 194 200 303 491 772 942
130: 105 110 114 128 131 138 145 152 156 160 179 189 691 849
131: 108 111 130 138 140 148 150 156 184 195 514 607 753
132: 101 110 112 114 117 125 127 135 137 144 145 157 169 187 335 489 760
133: 55 106 110 112 140 143 158 167 168 174 186 189 192 303 559 791 946
134: 69 106 116 138 140 143 157 158 167 195 488 703 883
135: 106 114 118 132 144 167 169 173 485 511
136: 122 146 148 161 168 189 191 194
137: 119 132 148 150 170 179 184 198 807 827 908
138: 107 112 115 122 130 131 134 147 149 157 167 168 180 182 197 199 418 777 967
139: 57 62 113 142 144 153 161 174 196 226 516
140: 14 113 122 124 131 133 134 153 158 167 188 624 920
141: 102 107 114 122 125 153 162 164 168 175 192 196 341 351 451 859
142: 104 122 139 170 176 178 180 185 191 196 259 508 791 807
143: 119 133 134 144 147 154 160 161 162 163 166 180 188 189 190 439 600 825 919
144: 8 123 132 135 139 143 150 177 184 189 487 829
145: 124 127 130 132 164 166 175 178 193 196 198 199 202 232 301 404 463 654 748 792 874
146: 104 105 136 150 174 175 185 190 193 195 897 934
147: 106 121 125 138 143 156 182 190 198 301 542 549 569 667 830
148: 107 116 131 136 137 154 165 182 184 187 190 195 327 567 696 832 886
149: 105 108 128 138 150 170 177 179 301 345 579 656 703
150: 113 131 137 144 146 149 177 181 184 197 448 915
151: 49 102 105 109 112 122 124 154 155 185 187 194 369 771 812 977
152: 117 118 123 124 130 167 171 177 181 184 185 439 594 807
153: 39 110 139 140 141 159 166 168 173 191 591 832
154: 118 119 123 143 148 151 161 168 174 176 177 271 365 417 487 776 905
155: 33 100 128 151 164 186 187 195 894 934
156: 102 110 117 128 130 131 147 157 171 174 177 183 446 725 845
157: 100 104 109 116 117 127 132 134 138 156 159 181 196 277 960 991
158: 129 133 134 140 161 174 181 304 340 626
159: 101 105 106 109 125 153 157 165 184 185 194 198 330 608 834 895
160: 78 130 143 191 193 469 471 480 520 533 824
161: 101 108 122 136 139 143 154 158 164 167 173 184 586 781 970
162: 102 106 112 141 143 164 167 172 180 182 185 187 195 198 706 940
163: 103 123 143 167 172 193 403 425 797 989
164: 101 105 106 123 127 141 145 155 161 162 165 168 308 483 532 568 574 893 894 926 951 957
165: 33 43 108 115 119 127 148 159 164 180 183 196 197 472 818
166: 38 111 143 145 153 168 177 179 712 748 764 854 862 894 919
167: 126 129 133 134 135 138 140 152 161 162 163 174 179 412 457 505 517 565 620 690 693 815 882
168: 68 100 121 122 123 124 125 128 129 133 136 138 141 153 154 164 166 175 176 195 240 312 549
169: 91 105 123 124 129 132 135 174 188 189 193 467 793
170: 129 137 142 149 181 435 573 857
171: 101 103 113 126 152 156 187 188 192 501 756 776 886 987 992
172: 103 104 162 163 183 186 199 236 421 447 722 846 901 913
173: 62 81 92 101 105 125 135 153 161 186 188 804 873 982
174: 67 100 105 119 126 133 139 146 154 156 158 167 169 178 481 799
175: 43 54 104 116 141 145 146 168 176 195 730
176: 104 110 123 125 129 142 154 168 175 178 180 185 189 193 195 199 207 684 823 838
177: 115 121 144 149 150 152 154 156 166 178 351 535
178: 101 102 111 114 142 145 174 176 177 179 320 412 780
179: 49 110 113 119 130 137 149 166 167 178 205 503 876
180: 41 78 102 111 115 122 138 142 143 162 165 176 194 484 712 970
181: 73 75 106 117 125 150 152 157 158 170 191 195 275 750 858 890 898 975 976
182: 103 108 116 138 147 148 162 185 188 192 237 338 464 698
183: 115 116 123 128 156 165 172 184 255 274 504 747 786 887
184: 104 117 128 131 137 144 148 150 152 159 161 183 193 196 462 483 494 514 924 964
185: 113 122 142 146 151 152 159 162 176 182 187 190 191 296 715 795 803
186: 111 133 155 172 173 193 195 384 395 687 751 775 799
187: 103 104 120 125 132 148 151 155 162 171 185 190 194 198 245 655
188: 76 105 124 125 140 143 169 171 173 182 190 430 593 920
189: 106 112 119 125 130 133 136 143 144 169 176 854 992
190: 107 112 120 143 146 147 148 185 187 188 196
191: 106 113 121 136 142 153 160 181 185 196 197 396 499 505 605 650 986
192: 107 109 117 120 123 133 141 171 182 642 889
193: 99 105 108 113 145 146 160 163 169 176 184 186 271 279 376 379 465 496 652 709 728 776
194: 101 110 112 123 129 136 151 159 180 187 199 236 397 844 935
195: 116 131 134 146 148 155 162 168 175 176 181 186 370
196: 104 108 126 139 141 142 145 157 165 184 190 191 634 851 898
197: 56 126 128 138 150 165 191 534 675 789 866 921 944
198: 100 107 112 121 126 127 137 145 147 159 162 187 523
199: 114 138 145 172 176 194 234 316 524 885 920 923 968
200: 129 224 246 257 258 278 291 334 412 429 641
201: 8 85 203 220 223 231 238 253 254 257 260 265 274 291 298 727
202: 145 213 216 226 232 298 299 438 476 763 781 892
203: 76 127 201 214 217 228 230 238 241 243 255 286 563 780 846 960
204: 40 224 244 257 258 263 264 973 978
205: 29 179 227 233 253 258 297 583
206: 220 221 228 245 261 264 273 279 285 292 840 850 908
207: 176 211 229 263 272 275 277 641 674 990
208: 221 247 260 267 268 279 282 291 398 671
209: 50 217 219 236 248 260 267 278 279 284 473 539 710 753 937 965
210: 223 228 260 271 277 282 283 307 501 697 878
211: 207 215 219 227 228 234 235 244 249 269 429 471 603 897
212: 223 226 228 236 256 265 266 270 280 283 286
213: 114 128 202 234 236 248 255 264 268 272 286 287 292 490 792 862
214: 203 217 226 233 250 252 256 261 266 267 278 296 714 788
215: 211 227 235 239 244 250 261 265 282 287 288 338 418 935
216: 202 219 224 227 235 252 270 277 299 481 560 913
217: 203 209 214 222 227 230 249 280 281 282 292 295 296 484 873 912 937
218: 220 244 251 254 259 270 291 349 432 455 619
219: 209 211 216 220 249 253 256 260 263 273 285 289 345 592 655 751 930
220: 201 206 218 219 221 223 226 231 240 247 248 287 296 740 745 916
221: 57 206 208 220 229 250 258 274 292 376 404 680 862 956 993
222: 96 217 224 226 232 241 243 246 262 267 277 282 283 293 426 432 460 476 612 843
223: 26 31 67 201 210 212 220 224 228 237 241 252 286 292 298 402
224: 10 200 204 216 222 223 235 239 243 252 293 295 439 560 927
225: 245 254 264 273 286 292 356 382 401 460 580
226: 139 202 212 214 220 222 261 272 275 298 314 373 673 834
227: 2 205 211 215 216 217 254 275 281 286 295 318 565 615 835
228: 203 206 210 211 212 223 232 247 254 260 266 271 272 279 281 451 790
229: 47 207 221 238 240 241 246 248 249 252 261 274 280 353 609 952
230: 98 125 203 217 231 237 242 245 255 259 264 276 302 744
231: 89 102 201 220 230 256 276 277 282 291 294 295 296 324 360 471 569 699
232: 145 202 222 228 242 289 291 298 299 319 360 476 918
233: 205 214 245 258 263 266 270 275 283 287 294 297 461 488 797
234: 199 211 213 282 288 290 583
235: 211 215 216 224 242 244 295 299 313 730
236: 172 194 209 212 213 237 239 251 260 265 267 269 276 285 295 360 496 926 937 996
237: 182 223 230 236 238 243 244 257 259 268 276 279 290 295 445 627 735
238: 201 203 229 237 285 298 340 346 373 524
239: 215 224 236 240 255 259 262 275 284 290 294 295 296 445 475 778 982
240: 124 168 220 229 239 242 243 256 264 266 279 288 291 337 406 414 623 915
241: 92 203 222 223 229 245 254 255 288 298 404 534 682
242: 30 54 230 232 235 240 246 258 265 276 504 521 534 538 654 665 757 796 800 826
243: 24 53 203 222 224 237 240 254 255 265 267 271 281 285 288 414 545 677 833 879
244: 204 211 215 218 235 237 251 278 283 295 298 299 308 817
245: 187 206 225 230 233 241 246 269 270 282 283 288 316 532 712 821
246: 200 222 229 242 245 249 250 261 265 277 279 282 283 299 336 448 743
247: 33 113 125 208 220 228 257 258 269 282 283 299 363 426
248: 53 209 213 220 229 250 266 281 606 639
249: 29 50 211 217 219 229 246 257 259 263 270 271 276 338 425 437 517 636
250: 95 214 215 221 246 248 278 279 410 582 709 911
251: 42 61 218 236 244 252 271 283 327 403 465 736 824 895 899 988
252: 3 85 214 216 223 224 229 251 266 270 295 589 882
253: 20 201 205 219 254 257 259 262 272 279 282 403 415 721 819 997
254: 60 95 201 218 225 227 228 241 243 253 269 270 287 291 296 599
255: 54 183 203 213 230 239 241 243 259 260 274 283 292 358 572 672 918 935 995
256: 57 212 214 219 231 240 260 268 276 277 294 297
257: 200 201 204 237 247 249 253 258 259 268 281 282 287 294 681 687 786 852
258: 58 200 204 205 221 233 242 247 257 283 285 289 291 299 322 911
259: 51 142 218 230 237 239 249 253 255 257 260 261 282 296 628 937
260: 67 201 208 209 210 219 228 236 255 256 259 263 264 281 292 827
261: 206 214 215 226 229 246 259 292 625 679 783
262: 72 123 222 239 253 269 276 297 298 406 623 652
263: 15 83 204 207 219 233 249 260 265 271 274 292 294 695 876 978
264: 52 204 206 213 225 230 240 260 268 275 286 445 456 503 524 583 609
265: 201 212 215 236 242 243 246 263 270 286 287 290 294 369 723
266: 212 214 228 233 240 248 252 292 733
267: 21 208 209 214 222 236 243 281 415 779
268: 118 208 213 237 256 257 264 282 285 294 513 614 948 998
269: 211 236 245 247 254 262 281 283 288 299 503 574 586 693 756
270: 106 212 216 218 233 245 249 252 254 265 272 274 280 402 439 526 780 852 987
271: 154 193 210 228 243 249 251 263 531 679 696 697
272: 51 94 207 213 226 228 253 270 295 400
273: 64 125 206 219 225 276 295 361 484 676 747 773 796 928 984
274: 8 183 201 221 229 255 263 270 279 288 293 332 631 860
275: 181 207 226 227 233 239 264 289 297 298 344 458 592 858 891
276: 42 120 230 231 236 237 242 249 256 262 273 299 397 840 846 892
277: 157 207 210 216 222 231 246 256 278 288 325 353 437 943
278: 40 200 209 214 244 250 277 280 287 624 712 959 988
279: 193 206 208 209 228 237 240 246 250 253 274 299 397 453 538 862 913
280: 212 217 229 270 278 294 733
281: 60 217 227 228 243 248 257 260 267 269 285 292 550 857
282: 208 210 215 217 222 231 234 245 246 247 253 257 259 268 290 292 294 299 422 924 960
283: 210 212 222 233 244 245 246 247 251 255 258 269 285 291 601 604 680
284: 209 239 354 674 725 827 875 964 987
285: 25 206 219 236 238 243 258 268 281 283 289 296 368 457
286: 102 203 212 213 223 225 227 264 265 298 367 630 828
287: 213 215 220 233 254 257 265 278 292 297 380 602 801 823 879
288: 215 234 240 241 243 245 269 274 277 299 359 654 995
289: 219 232 258 275 285 290 403 720 727 984
290: 19 26 234 237 239 265 282 289 349 421
291: 200 201 208 218 231 232 240 254 258 283 685 837 893 895
292: 206 213 217 221 223 225 255 260 261 263 266 281 282 287 295 298 405 815 838 849 866 989
293: 222 224 274 307 312 313 392 436 443 681 845
294: 92 231 233 239 256 257 263 265 268 280 282 792 933
295: 217 224 227 231 235 236 237 239 244 252 272 273 292 629 724 781 946
296: 185 214 217 220 231 239 254 259 285 328 342 360 907
297: 86 205 233 256 262 275 287 585 597 820
298: 57 201 202 223 226 232 238 241 244 262 275 286 292
299: 202 216 232 235 244 246 247 258 269 276 279 282 288 365 390 528 645 811
300: 301 307 310 313 324 343 357 370 377 386 389 529 639 765 839
301: 28 145 147 149 300 306 312 315 324 341 343 348 350 351 356 364 382 720 828
302: 16 230 303 307 325 332 348 351 353 365 370 372 381 572 675 793 816 932
303: 99 129 133 302 305 339 343 351 353 357 361 365 387 390 392 396 492 493
304: 158 308 324 327 341 346 383 386 389 546 645
305: 17 303 339 372 384 394 716 912
306: 59 301 309 312 340 345 360 365 366 377 714 735 879 921
307: 24 210 293 300 302 310 344 352 353 362 366 380 385 399 602 655
308: 164 244 304 318 322 325 342 346 363 394 507 730 799
309: 80 113 306 331 338 354 360 634 648 653 663 722 726 799 950
310: 300 307 327 336 363 378 382 395 601
311: 57 315 364 375 395 508 544 855 969
312: 168 293 301 306 330 339 370 378 381 395 644 957
313: 90 235 293 300 318 326 339 344 346 348 383 392 393 464 742 970
314: 65 126 226 315 316 322 325 333 337 338 342 349 351 352 377 384 385 389 390 580 891
315: 301 311 314 322 324 338 351 354 356 365 368 370 371 374 375 382 387 391 394 431 434 806 953
316: 54 199 245 314 330 332 357 375 376 377 383 390 392 525 581
317: 114 318 332 342 349 350 359 363 365 379 382 387 411 426 442 706 921
318: 64 227 308 313 317 333 349 364 372 373 376 377 388 399 861 915
319: 232 333 336 357 359 361 364 368 370 394 397 678 902
320: 14 178 321 330 332 334 350 355 370 373 374 378 389 394 467 640 922
321: 320 328 336 345 347 348 360 375 380 383 386 396 619 693 732 741 745 886
322: 258 308 314 315 333 336 342 379 381 383 388 399 495 525 614 731 926
323: 331 337 348 359 373 383 385 386 396 680
324: 231 300 301 304 315 334 337 343 363 364 380 395 439 642 661 881
325: 33 60 277 302 308 314 369 374 381 383 385 388 393 395 796 819
326: 313 329 331 344 346 351 357 367 369 375 376 382 399 533 652
327: 51 59 78 148 251 304 310 330 332 334 336 355 363 370 372 385 391 615 668 997
328: 296 321 336 894 965
329: 326 330 346 348 350 351 352 360 378 382 385 392 484 511 548 596 792 945 987
330: 35 159 312 316 320 327 329 336 338 352 354 371 376 378 770
331: 309 323 326 334 352 362 370 385 396 469 550 610 669
332: 274 302 316 317 320 327 342 361 390 397 398 586 828 960
333: 314 318 319 322 350 352 361 367 385 389 393 452 631 654 667 780 863
334: 13 124 200 320 324 327 331 349 369 384 385 396 459 708
335: 132 345 369 380 387 392 393 419
336: 246 310 319 321 322 327 328 330 339 354 355 360 371 374 378 380 382 388 390 394 395 470 509 520 553 582 802
337: 240 314 323 324 338 365 374 377 381
338: 5 182 215 249 309 314 315 330 337 353 356 362 380 381 659 799 839 848
339: 108 303 305 312 313 336 349 361 362 363 372 377 379 382 385 390 399 521 643
340: 158 238 306 346 354 363 375 379 392 398 399 562 910
341: 31 141 301 304 357 368 377 380 387 391 792 807 898 935
342: 296 308 314 317 322 332 355 361 370 377 378 393 572 858
343: 300 301 303 324 372 387 634 670 945
344: 24 275 307 313 326 364 394 406 598 984
345: 149 219 306 321 335 361 364 392 520 662
346: 238 304 308 313 326 329 340 358 365 382 383 386 390 391 530 727 766
347: 321 349 350 366 389 392 706 756 915
348: 69 106 301 302 313 321 323 329 353 355 359 367 368 379 384 388 422 626 790
349: 218 290 314 317 318 334 339 347 362 370 373 455 796 797 943
350: 71 75 301 317 320 329 333 347 351 359 369 372 380 388 532
351: 83 141 177 301 302 303 314 315 326 329 350 356 361 387 537 563 928 947
352: 307 314 329 330 331 333 358 394 463 764 768 990
353: 229 277 302 303 307 338 348 367 379 382 392 393 396 468
354: 78 86 284 309 315 330 336 340 375 377 382 478 886
355: 92 104 320 327 336 342 348 359 362 367 386 391 395 396 487 561 723 958 963
356: 45 85 225 301 315 338 351 358 364 382 392 399 427 550 562 749
357: 104 300 303 316 319 326 341 369 389 396 642 993
358: 62 255 346 352 356 371 379 380 611 993
359: 288 317 319 323 348 350 355 360 362 370 388 390 545 626 684 949
360: 231 232 236 296 306 309 321 329 336 359 374 378 399 455 479 522
361: 15 91 273 303 319 332 333 339 342 345 351 367 374 379 388 389 390 394 398 523 532 784 915
362: 307 331 338 339 349 355 359 365 389 392 398 502 570 994
363: 247 308 310 317 324 327 339 340 365 386 392 394 398 531 970 993
364: 42 62 301 311 318 319 324 344 345 356 386 395 462 502 509 646
365: 154 299 302 303 306 315 317 337 346 362 363 385 388 553
366: 29 66 74 120 306 307 347 368 374 377 380 393 399 537 589 789 803
367: 286 326 333 348 353 355 361 369 385 388 390 913
368: 285 315 319 341 348 366 373 380 384 385 392 485 710
369: 151 265 325 326 334 335 350 357 367 382 392 512 792 854
370: 195 300 302 312 315 319 320 327 331 342 349 359 371 379 496 835 937 984
371: 315 330 336 358 370 381 391 426 429 807 808
372: 81 302 305 318 327 339 343 350 391 392 397 563 634 814 909 941 991
373: 43 45 226 238 318 320 323 349 368 421 442 544
374: 315 320 325 336 337 360 361 366 384 771 910
375: 311 315 316 321 326 340 354 381 400 421 728 934 984
376: 22 193 221 316 318 326 330 380 394 741
377: 300 306 314 316 318 337 339 341 342 354 366 685
378: 310 312 320 329 330 336 342 360 389 391 392 395 452
379: 120 193 317 322 339 340 348 353 358 361 370 384 385 761 872
380: 7 287 307 321 324 335 336 338 341 350 358 366 368 376 391 392 700 749 756 875 905
381: 302 312 322 325 337 338 371 375 384 390 394 665 708 832 907
382: 26 225 301 310 315 317 326 329 336 339 346 353 354 356 369
383: 304 313 316 321 322 323 325 346 393 397 531 632 899 929
384: 101 186 305 314 334 348 368 374 379 381 450 472 509 577
385: 307 314 323 325 327 329 331 333 334 339 365 367 368 379 386 387 408 458 735 878
386: 300 304 321 323 346 355 363 364 385 389 393 397 636 825 835 875
387: 94 303 315 317 335 341 343 351 385 392 399 548 813
388: 66 318 322 325 336 348 350 359 361 365 367 391 399 559 639 968
389: 300 304 314 320 333 347 357 361 362 378 386 443 689
390: 13 299 303 314 316 332 336 339 346 359 361 367 381 398 465 468 487 528 965 985
391: 315 327 341 346 355 371 372 378 380 388 392 427 971
392: 48 293 303 313 316 329 335 340 345 347 353 356 362 363 368 369 372 378 380 387 391 398 616 679 711 828
393: 313 325 333 335 342 353 366 383 386 394 832
394: 305 308 315 319 320 336 344 352 361 363 376 381 393 398 630 639 768
395: 80 105 186 310 311 312 324 325 336 355 364 378
396: 191 303 321 323 331 334 353 355 357 479 722 995
397: 1 194 276 279 319 332 372 383 386 619 632 858
398: 22 208 332 340 361 362 363 390 392 394 727 842
399: 307 318 322 326 339 340 356 360 366 387 388 635 655 824
400: 272 375 402 407 432 475 484 584 793
401: 225 456 495 510 757 987
402: 3 101 223 270 400 417 428 444 462 466 470 495 521 700 902
403: 163 251 253 289 405 407 414 419 442 472 476 480 487 490 566 637 873 997
404: 145 221 241 408 416 427 432 434 436 476 477 480 742 862
405: 88 119 292 403 421 434 435 450 463 489 499 598
406: 240 262 344 407 409 410 445 470 474 478 767 858
407: 54 400 403 406 424 426 437 451 454 468 486 551 684 800 863 965
408: 385 404 430 451 452 487 927
409: 113 406 423 433 454 457 459 462 499 730 783 821 991
410: 121 250 406 415 419 421 423 424 445 449 454 466 473 489 491 493 497 525 586 650 808 907
411: 34 317 417 427 431 432 433 434 435 438 452 457 465 489 493 561 767 816 817 835 852 881
412: 66 95 167 178 200 417 429 435 470 483 489 496 498 499 591 695
413: 437 457 467 484 497 511 769 793 976
414: 84 240 243 403 420 424 427 440 443 450 456 459 467 469 471 489 504
415: 253 267 410 420 429 430 433 447 452 468 488 762
416: 404 424 437 446 448 473 483 485 487 609 672 735
417: 107 154 402 411 412 424 444 447 448 454 455 468 471 472 480 488 491 497 515 741 751 785
418: 138 215 429 430 434 445 448 453 454 464 465 467 468 481 485 487 491 697 725 728
419: 335 403 410 421 433 437 439 447 448 451 466 482 490 491 516 620 638 954
420: 3 73 414 415 422 437 438 481 483 487 711 924
421: 172 290 373 375 405 410 419 423 426 442 445 447 461 471 472 474 482 493 574 602 816 918
422: 93 282 348 420 435 437 461 475 476 483 489 492 494 499 566 690
423: 108 409 410 421 426 447 451 475 479 491
424: 53 72 407 410 414 416 417 469 479 483 485 842
425: 163 249 436 455 458 474 477
426: 222 247 317 371 407 421 423 442 449 461 465 486 488 554
427: 356 391 404 411 414 429 443 444 446 450 453 479 482 486 595 614 970
428: 26 402 429 436 439 450 453 471 486 487 490 522 746 962
429: 52 107 200 211 371 412 415 418 427 428 435 455 457 473 489 499 689
430: 68 105 188 408 415 418 440 457 464 474 477 480 482 483 558 711 793
431: 53 82 315 411 437 439 443 445 458 460 485 491 699 946
432: 218 222 400 404 411 433 438 447 451 453 467 481 486 651 778 873
433: 15 409 411 415 419 432 446 469 592 733 756 792
434: 315 404 405 411 418 439 445 455 456 457 466 480 481 487 493 603 892
435: 170 405 411 412 422 429 436 464 477 479 768 941 985
436: 293 404 425 428 435 447 456 469 483 486
437: 249 277 407 413 416 419 420 422 431 446 471 472 480 492 534 861 971
438: 202 411 420 432 449 456 457 471 475 484 489 497 500 784
439: 4 143 152 224 270 324 419 428 431 434 440 444 446 449 451 470 474 476 517 590 682 810 851 874 903
440: 6 414 430 439 442 450 455 461 463 480 578 663 830 927
441: 114 444 453 456 457 499 716 891
442: 317 373 403 421 426 440 447 456 471 478 705 899
443: 293 389 414 427 431 464 465 468 482 487 681 859 946
444: 402 417 427 439 441 448 452 455 459 465 476 584
445: 237 239 264 406 410 418 421 431 434 464 491 529
446: 68 156 416 427 433 437 439 485 486 487
447: 11 172 415 417 419 421 423 432 436 442 453 457 461 464 466 468 482 483 496 839
448: 150 246 416 417 418 419 444 462 469 486 803
449: 410 426 438 439 495 498 658
450: 63 111 384 405 414 427 428 440 481 493 577 867 943
451: 9 84 141 228 407 408 419 423 432 439 457 462 465 474 494 495 506
452: 99 333 378 408 411 415 444 461 480 486 494 500 541 691 702 861
453: 9 279 418 427 428 432 441 447 457 464 518 718 959
454: 407 409 410 417 418 469 471 903 932
455: 218 349 360 417 425 429 434 440 444 458 482 496 503 626 632 841
456: 51 264 401 414 434 436 438 441 442 485 490
457: 167 285 409 411 413 429 430 434 438 441 447 451 453 462 471 486 489 495 605 671 701 741 889
458: 275 385 425 431 455 459 479 484 486 491 496 932
459: 334 409 414 444 458 470 474 488 554 776 978
460: 32 222 225 431 466 475 489 615 664
461: 69 233 421 422 426 440 447 452 469 478 485 495 706
462: 19 31 184 364 402 409 448 451 457 472 475 481 488 490 700 988
463: 10 145 352 405 440 474 486 489 490 493 494 635
464: 56 182 313 418 430 435 443 445 447 453 470 485 638 861 954
465: 23 193 251 390 411 418 426 443 444 451 470 473 486 947
466: 402 410 419 434 447 460 467 491 668 907 959
467: 92 169 320 413 414 418 432 466 489 571 838
468: 353 390 407 415 417 418 443 447 482 492 793
469: 40 160 331 414 424 433 436 448 454 461 472 481 488 493 776 838
470: 336 402 406 412 439 459 464 465 475 482 484 494 528 855 857 971
471: 38 62 160 211 231 414 417 421 428 437 438 442 454 457 474 479 495 607 807 839 897
472: 89 165 384 403 417 421 437 462 469 480 486 493
473: 86 209 410 416 429 465 488 496 640 726
474: 406 421 425 430 439 451 459 463 471 480 494 498 602 635 794 913
475: 239 400 422 423 438 460 462 470 488 489 542 546 843
476: 5 121 202 222 232 403 404 422 439 444 484 823 833 920 998
477: 404 425 430 435 490 493 574 780 920
478: 354 406 442 461 480 481 487 489 496 627 923
479: 53 360 396 423 424 427 435 458 471 481 483 486 848
480: 97 160 403 404 417 430 434 437 440 452 472 474 478 481 493 494 495 496 629
481: 100 174 216 418 420 432 434 450 462 469 478 479 480 785 962
482: 419 421 427 430 443 447 455 468 470 483 489 761
483: 58 164 184 412 416 420 422 424 430 436 447 479 482 490 495 542 584 723 854
484: 180 217 273 329 400 413 438 458 470 476 751
485: 135 368 416 418 424 431 446 456 461 464 491 493
486: 407 426 427 428 432 436 446 448 452 457 458 463 465 472 479 495
487: 28 144 154 355 390 403 408 416 418 420 428 434 443 446 478 527 768 820
488: 10 134 233 415 417 426 459 462 469 473 475 489 494 499 672 907
489: 132 405 410 411 412 414 422 429 438 457 460 463 467 475 478 482 488 618 969
490: 213 403 419 428 456 462 463 477 483 492 493 720
491: 29 129 410 417 418 419 423 431 445 458 466 485 622 960
492: 58 303 422 437 468 490 498 854 966
493: 303 410 411 421 434 450 463 469 472 477 480 485 490 499 555 609 737
494: 64 87 184 422 451 452 463 470 474 480 488 510 570 634
495: 322 401 402 449 451 457 461 471 480 483 486 570 579
496: 66 193 236 370 412 447 455 458 473 478 480 497 653 668 870
497: 20 32 410 413 417 438 496 889
498: 412 449 474 492 886 904
499: 68 191 405 409 412 422 429 441 488 493 846 938 944
500: 438 452 503 506 522 527 528 531 550 577 584 588 704
501: 171 210 518 519 526 536 537 539 549 563 572 587 588 761 986
502: 362 364 506 508 511 514 516 540 543 548 550 565 571 576 595 727 774 828
503: 93 179 264 269 455 500 511 514 539 542 546 563 566 584 587 589 591 593 596
504: 183 242 414 526 530 534 539 594 640 695
505: 85 167 191 534 564 586 688 778 819 829 967
506: 451 500 502 522 552 572 579 587 951 986 999
507: 59 120 308 513 536 546 550 557 571 575 593 596 599
508: 60 142 311 502 518 528 532 533 536 542 556 557 571 574 598 774 964
509: 6 336 364 384 511 513 541 552 556 568 583 625 639 697 712 724 807 967
510: 401 494 518 523 538 551 560 562 566 572 575 581 596 629 671
511: 135 329 413 502 503 509 514 515 517 543 556 558 559 575 579 586 594 605 745
512: 369 517 520 535 538 543 544 547 558 562 564 567 591 593 714 745 751
513: 268 507 509 514 521 549 550 563 565 571 575 580 597 598 670 825 864
514: 131 184 502 503 511 513 558 561 571 577 579 584 585 717 786 855 996
515: 417 511 530 549 560 563 578 586 619 736
516: 139 419 502 520 532 542 544 550 553 558 563 564 568 579 582 593 675 737 940 987
517: 167 249 439 511 512 518 540 544 550 582 589 637 698 782 793
518: 453 501 508 510 517 520 524 567 570 586 941 976
519: 48 501 524 529 531 537 538 544 548 557 558 571 578 583 586 592 595 598 759 805
520: 160 336 345 512 516 518 524 528 534 537 538 552 556 564 582 584 599 628 667
521: 242 339 402 513 526 530 532 534 567 570 571 579 725 736
522: 360 428 500 506 532 536 547 548 555 562 581 586 595 632
523: 198 361 510 525 541 576 582 591 650 773 848 876
524: 199 238 264 518 519 520 529 552 557 574 589 593 599 789
525: 44 316 322 410 523 541 559 578 583 599 683 922
526: 270 501 504 521 527 529 541 553 572 577 580
527: 34 81 487 500 526 532 534 554 558 564 573 586 598
528: 299 390 470 500 508 520 545 559 572 584 981
529: 103 300 445 519 524 526 550 559 571 573 574 587 589 719 877
530: 346 504 515 521 534 540 543 563 565 570 591 685 831
531: 126 271 363 383 500 519 541 547 548 561 578 585 589 922
532: 164 245 350 361 508 516 521 522 527 539 543 546 552 556 562 566 570 574 587 656 775
533: 160 326 508 536 546 554 557 579 590 592 762 933
534: 197 241 242 437 504 505 520 521 527 530 538 548 562 580 584 594
535: 128 177 512 549 553 554 570 581 585 587 588 595 626 922
536: 501 507 508 522 533 542 552 553 559 561 563 583 588 589 672 921
537: 351 366 501 519 520 542 558 588 595 786 811 877
538: 242 279 510 512 519 520 534 546 552 567 574 578 584 588 595 657 986
539: 34 209 501 503 504 532 542 563 566 569 572 599 749 782 920
540: 502 517 530 562 563 565 570 573 598 625
541: 452 509 523 525 526 531 543 548 549 551 556 557 568 719 971
542: 147 475 483 503 508 516 536 537 539 551 566 571 581 590 593 813
543: 112 502 511 512 530 532 541 548 552 553 555 561 565 569 571 576 581 584 592 594 597 710 742 826 967
544: 80 311 373 512 516 517 519 591 595 597 768 826 873
545: 243 359 528 581 596 808 882
546: 6 304 475 503 507 532 533 538 550 553 562 793 884
547: 512 522 531 567 596 599 781 897
548: 329 387 502 519 522 531 534 541 543 552 562 574 583 595 825 956 966
549: 147 168 501 513 515 535 541 571 574 596 599 839 874 988
550: 64 281 331 356 500 502 507 513 516 517 529 546 551 554 568 572 577 591 599
551: 407 510 541 542 550 568 572 586 590 593 594
552: 19 506 509 520 524 532 536 538 543 548 576 579 589 592 597 704 858
553: 62 88 336 365 516 526 535 536 543 546 567 905 964
554: 426 459 527 533 535 550 560 584 589 877
555: 493 522 543 571 924
556: 508 509 511 520 532 541 557 573 598 660 840 999
557: 507 508 519 524 533 541 556 560 562 571 578 581 596 716 991
558: 18 53 106 430 511 512 514 516 519 527 537 559 727 865
559: 133 388 511 525 528 529 536 558 576 584 585 589 593 868 928
560: 216 224 510 515 554 557 562 584 590 599 907 959
561: 355 411 514 531 536 543 588 589 592 593 749 864 883
562: 118 340 356 510 512 522 532 534 540 546 548 557 560 574 575 592 599 609 713 819 843 944
563: 203 351 372 501 503 513 515 516 530 536 539 540 565 572 577 583 586 588 590 597 625 690
564: 505 512 516 520 527 571 582 589 592 594 596 641 849 897
565: 167 227 502 513 530 540 543 563 570 581 582 638 712 898 994
566: 63 403 422 503 510 532 539 542 586 596 597 963 983
567: 148 512 518 521 538 547 553 568 583 591 721
568: 164 509 516 541 550 551 567 572 577 587 677 893 968
569: 92 147 231 539 543 582 599 669 720 784 873
570: 127 362 494 495 518 521 530 532 535 540 565 595
571: 44 467 502 507 508 513 514 519 521 529 542 543 549 555 557 564 572 576 579 580 592 660
572: 6 28 32 255 302 342 501 506 510 526 528 539 550 551 563 568 571 596 901 918
573: 170 527 529 540 556 580 581 598 599 641 656 734 801 917
574: 68 164 269 421 477 508 524 529 532 538 548 549 562 581 586 588 599 995
575: 507 510 511 513 562 706
576: 502 523 543 552 559 571 577 581 585 595 617 629 759 977
577: 5 384 450 500 514 526 550 563 568 576 624 627
578: 39 440 515 519 525 531 538 557 580 586 615 954
579: 149 495 506 511 514 516 521 533 552 571 596 597
580: 42 74 225 314 513 526 534 571 573 578 593
581: 316 510 522 535 542 543 545 557 565 573 574 576 596 819 878 886 973
582: 250 336 516 517 520 523 564 565 569 591 598
583: 205 234 264 509 519 525 536 548 563 567 584 590 598 659 761 770 933
584: 35 78 400 444 483 500 503 514 520 528 534 538 543 554 559 560 583 698 945 956
585: 6 17 297 514 531 535 559 576 591 597
586: 128 161 269 332 410 505 511 515 518 519 522 527 551 563 566 574 578 654 744
587: 106 501 503 506 529 532 535 568 590 594 598 760 818
588: 47 67 500 501 535 536 537 538 561 563 574 647 788
589: 3 252 366 503 517 524 529 531 536 552 554 559 561 564 592 595 619 831 946
590: 439 533 542 551 560 563 583 587 655 878
591: 153 412 503 512 523 530 544 550 567 582 585 592 593 788 816
592: 219 275 433 519 533 543 552 561 562 564 571 589 591 679 736 814
593: 57 188 503 507 512 516 524 542 551 559 561 580 591 897
594: 12 152 504 511 534 543 551 564 587 658 770 865 894
595: 427 502 519 522 535 537 538 544 548 570 576 589 697 797
596: 14 91 123 329 503 507 510 545 547 549 557 564 566 572 579 581 667 696 797
597: 20 297 513 543 544 552 563 566 579 585 739 785 838
598: 71 107 344 405 508 513 519 527 540 556 573 582 583 587
599: 68 254 507 520 524 525 539 547 549 550 560 562 569 573 574 620 772 874
600: 143 609 613 623 630 643 653 678 685 779 864
601: 88 283 310 610 617 639 641 642 643 660 674 675 688 697 779 781 833
602: 287 307 421 474 616 619 635 639 666 679
603: 120 211 434 606 613 624 625 644 655 664 672 679 696
604: 283 619 621 622 623 625 628 646 654 666 677 691 700 943
605: 191 457 511 618 620 623 628 638 666 676 689 699 885
606: 248 603 608 616 620 624 629 639 642 643 645 665 677 685 697
607: 42 116 131 471 611 641 644 646 678 695 919
608: 37 159 606 616 623 655 658 660 663 672 677 678 692 696 784 803 994
609: 229 264 416 493 562 600 619 635 637 644 659 675 677 718
610: 331 601 613 627 654 691
611: 358 607 615 622 623 624 625 627 637 640 649 670 686 687 754
612: 222 614 626 639 660 664 675 696 841 955
613: 600 603 610 616 618 628 641 646 658 686 819
614: 268 322 427 612 618 619 627 635 645 655 669 681
615: 85 227 327 460 578 611 631 639 668 670 689 691 692
616: 28 392 602 606 608 613 632 648 654 662 665 672 674 680 682 690
617: 576 601 622 631 633 648 654 655 657 665 678 680 682 691 752 875 981
618: 58 87 489 605 613 614 627 658 667 688 699 715
619: 20 113 218 321 397 515 589 602 604 609 614 626 635 636 645 668 675 678 697 806
620: 110 167 419 599 605 606 625 631 640 674 677 685 695 698 699
621: 604 623 629 655 662 677 690 694 699
622: 76 491 604 611 617 627 649 680 684 694 781
623: 240 262 600 604 605 608 611 621 647 648 650 667 672 692 698 834 839
624: 140 278 577 603 606 611 627 628 694 696
625: 261 509 540 563 603 604 611 620 632 636 642 646 654 662 664 688
626: 158 348 359 455 535 612 619 636 641 646 659 665 679 686 689 996
627: 120 237 478 577 610 611 614 618 622 624 634 657 663 693 695 773 783 913
628: 35 123 259 520 604 605 613 624 633 635 649 658 674 680 688 781 816 935
629: 295 480 510 576 606 621 643 644 649 650 664 665 684 691 693
630: 286 394 600 639 664 818
631: 42 274 333 615 617 620 662 663 664 667 678 699 928
632: 383 397 455 522 616 625 638 659 668 672 679
633: 59 617 628 645 654 655 660 667 672 673 686 945
634: 62 107 196 309 343 372 494 627 648 649 660 661 667 672 679 693 986
635: 399 463 474 602 609 614 619 628 640 643 652 662 667 676 689 716
636: 249 386 619 625 626 640 676 764 875 892
637: 403 517 609 611 657 659 666 689 727 789 936
638: 419 464 565 605 632 643 660 680 688 696 771 999
639: 248 300 388 394 509 601 602 606 612 615 630 641 658 667 688 791
640: 320 473 504 611 620 635 636 643 646 656 657 665 676 688 713
641: 200 207 564 573 601 607 613 626 639 657 666 682 684 690 693 696 715 781
642: 192 324 357 601 606 625 646 649 653 656 667 668 674 680 688 699 771 774 777 797
643: 105 339 600 601 606 629 635 638 640 653 656 660 662 664 666 685 686 691 890
644: 116 312 603 607 609 629 663 666 677 686 696 936
645: 299 304 606 614 619 633 678 694 786 789 960
646: 364 604 607 613 625 626 640 642 649 671 683 689 950 974 978
647: 99 588 623 648 653 663 668 676 684 690
648: 11 22 69 95 309 616 617 623 634 647 658 661 664 677 679 688 690 692 727 809 923
649: 611 622 628 629 634 642 646 651 653 658 670 691 692 699 847
650: 93 191 410 523 623 629 670 676 985
651: 432 649 661 665 680 683 689
652: 193 262 326 635 659 664 666 691 787 881 882
653: 309 496 600 642 643 647 649 659 661 665 666 682 689 691 698
654: 145 242 288 333 586 604 610 616 617 625 633 658 662 681 797 845 847
655: 14 187 219 307 399 590 603 608 614 617 621 633 665 668 678 698 699 746
656: 49 149 532 573 640 642 643 665 668 669 676 679 693 697 699 853
657: 538 617 627 637 640 641 676 681 690 696 898 938
658: 449 594 608 613 618 628 639 648 649 654 674 687 696
659: 43 338 583 609 626 632 637 652 653 661 672 673 676 678 692
660: 75 556 571 601 608 612 633 634 638 643 664 670 675 681 688 692 812 937
661: 324 634 648 651 653 659 669 689 693 894
662: 345 616 621 625 631 635 643 654 672
663: 309 440 608 627 631 644 647 667 674 680 731 807 914
664: 112 460 603 612 625 629 630 631 643 648 652 660 675 676 690 691 693 757
665: 242 381 606 616 617 626 629 640 651 653 655 656 670 680 690 691 697 978
666: 602 604 605 637 641 643 644 652 653 690 696 698 699
667: 147 333 520 596 618 623 631 633 634 635 639 642 663 671 680 685 696 886 935
668: 327 466 496 615 619 632 642 647 655 656 672 685 974
669: 75 331 569 614 656 661 672 685 693 803
670: 343 513 611 615 649 650 660 665 672 686 887 895
671: 208 457 510 646 667 681 685 828 841 897 946
672: 255 416 488 536 603 608 616 623 632 633 634 659 662 668 669 670 682 684 694 786
673: 226 633 659 682 683 694 975
674: 207 284 601 616 620 628 642 658 663 675 680 683 713
675: 197 302 516 601 609 612 619 660 664 674 994
676: 85 87 112 273 605 635 636 640 647 650 656 657 659 664 678 682 685 694 790 836
677: 126 243 568 604 606 608 609 620 621 644 648 678 681 682 692
678: 92 319 600 607 608 617 619 631 645 655 659 676 677 683 688 693 694
679: 261 271 392 592 602 603 626 632 634 648 656 691 695 698 699 863 934 943
680: 67 221 283 323 616 617 622 628 638 642 651 663 665 667 674
681: 2 257 293 443 614 654 657 660 671 677 694 699
682: 241 439 616 617 641 653 672 673 676 677 687 691 698 709 819 826 867 938
683: 525 646 651 673 674 678 684 689
684: 176 359 407 622 629 641 647 672 683
685: 291 377 530 600 606 620 643 667 668 669 671 676 692 694 752 877
686: 611 613 626 633 643 644 670 688 773 966
687: 56 186 257 611 658 682 695 697 699
688: 505 601 618 625 628 638 639 640 642 648 660 678 686 963
689: 53 389 429 605 615 626 635 637 646 651 653 661 683 690 791 872
690: 52 117 167 422 563 616 621 641 647 648 657 664 665 666 689 781 957
691: 130 452 604 610 615 617 629 643 649 652 653 664 665 679 682 898 993
692: 119 608 615 623 648 649 659 660 677 685 695
693: 167 269 321 627 629 634 641 656 661 664 669 678 694 695 958
694: 621 622 624 645 672 673 676 678 681 685 693
695: 263 412 504 607 620 627 679 687 692 693 749
696: 148 271 596 603 608 612 624 638 641 644 657 658 666 667
697: 210 271 418 509 595 601 606 619 656 665 687 698 711 882
698: 70 182 517 584 620 623 653 655 666 679 682 697 731
699: 58 231 431 605 618 620 621 631 642 649 655 656 666 679 681 687
700: 380 402 462 604 703 705 710 721 765 788 789 792 794 908
701: 92 457 707 716 718 729 735 747 764 768 778 786 795 796 798 989
702: 2 13 83 452 711 724 733 758 760 762 763 793 799
703: 4 44 134 149 700 709 728 736 756 757 762 767 775 783 789 790
704: 47 500 552 709 713 720 730 735 740 750 774 778 782 790 792 943 992
705: 442 700 707 721 722 728 730 740 759 780 785 797 799 848
706: 74 162 317 347 461 575 711 719 722 723 730 735 740 747 754 755 758 766 770 779 782 796 903 981
707: 92 701 705 713 715 717 745 752 761 763 789 795 799 856 941
708: 27 334 381 711 714 724 727 730 746 757 765 766 768 776 797 820 875
709: 193 250 682 703 704 737 738 749 753 765 768 774
710: 85 209 368 543 700 724 732 734 742 743 754 757 758 759 766 776 780 782 879 894
711: 392 420 430 697 702 706 708 747 756 760 770 772 774 776 790 995
712: 96 166 180 245 278 509 565 713 714 726 733 762 768 795 982
713: 562 640 674 704 707 712 721 729 731 733 759 761 762 771 794 797 885 990
714: 43 214 306 512 708 712 735 747 768 783 789
715: 27 126 185 618 641 707 721 736 755 763 769 774 775 783 792 794 795 890
716: 101 305 441 557 635 701 717 724 728 737 748 755 756 758 768 776 777 845
717: 514 707 716 719 725 734 741 742 768 771 776 795 797
718: 453 609 701 727 736 739 747 758 769 771 782 909
719: 529 541 706 717 728 748 750 758 770 775 787 788 860
720: 289 301 490 569 704 723 726 748 753 758 759 770 786 794 927
721: 253 567 700 705 713 715 726 728 762 763 782 788 791 792 866 888 965
722: 172 309 396 705 706 723 728 741 742 755 759 767 772 782 792 796 999
723: 265 355 483 706 720 722 727 728 738 742 752 759 762 780 798 899
724: 295 509 702 708 710 716 747 751 753 761 790 797 798 930
725: 156 284 418 521 717 746 754 756 766 772 789 801
726: 33 309 473 712 720 721 733 750 752 782 882 884
727: 87 201 289 346 398 502 558 637 648 708 718 723 737 746 749 766 770 785 786 961
728: 193 375 418 703 705 716 719 721 722 723 729 730 750 754 765 894
729: 701 713 728 730 738 755 768 771 772 775 779 780 781 796
730: 175 235 308 409 704 705 706 708 728 729 732 734 743 780 787 790 799 957 961
731: 322 663 698 713 746 768 782 787 798
732: 117 321 710 730 739 766 770 777 779 781 809 851
733: 266 280 433 702 712 713 726 741 751 763 767 809 976
734: 80 573 710 717 730 764 769 771 781 784 787 792 983
735: 98 237 306 385 416 701 704 706 714 743 756 784 806 890 960
736: 251 515 521 592 703 715 718 754 756 762 767 770 782 797 799 957
737: 23 28 78 118 493 516 709 716 727 743 778
738: 25 28 91 709 723 729 745 764 766 768 777 782 899 944 988
739: 100 597 718 732 741 745 769 775 782 796 798
740: 220 704 705 706 776 777 795 805 951
741: 91 104 321 376 417 457 717 722 733 739 742 744 745 747 758 766 788 796 922 944
742: 63 97 313 404 543 710 717 722 723 741 762 780 781 793 795 966 984
743: 246 710 730 735 737 767 778 798 944
744: 230 586 741 745 754 758 764 766 784 791 792 797 799 863 945
745: 17 44 88 220 321 511 512 707 738 739 741 744 749 750 764 767 769 791 794
746: 78 83 428 655 708 725 727 731 757 758 765 784 794 795 952 961
747: 44 79 117 183 273 701 706 711 714 718 724 741 753 767 769 774 775 777 785 795
748: 99 145 166 716 719 720 763 764 776 784
749: 18 43 63 113 356 380 539 561 695 709 727 745 766 769 774 786 789 896 956
750: 42 181 704 719 726 728 745 752 756 759 761 768 773 774 781 817 880
751: 186 219 417 484 512 724 733 766 788
752: 108 617 685 707 723 726 750 757 771 774 778 786 797 798
753: 131 209 709 720 724 747 769 770 777 785
754: 611 706 710 725 728 736 744 761 763 772 793 794 798
755: 706 715 716 722 729 758 771 778 783 784 790 841 924 942
756: 4 171 269 347 380 433 703 711 716 725 735 736 750 769 773 792
757: 66 73 242 401 664 703 708 710 746 752 786 788 814 994
758: 32 702 706 710 716 718 719 720 741 744 746 755 763 766 790
759: 55 519 576 705 710 713 720 722 723 750 761 773 787 792 804 889
760: 67 89 132 587 702 711 761
761: 39 379 482 501 583 707 713 724 750 754 759 760 779 785 788 792
762: 1 415 533 702 703 712 713 721 723 736 742 767 775
763: 118 202 702 707 715 721 733 748 754 758 765 771 782 888 940
764: 0 166 352 636 701 734 738 744 745 748 769 771 782 783 872 895
765: 300 700 708 709 728 746 763 774 948 998
766: 346 706 708 710 725 727 732 738 741 744 749 751 758 774 791 987
767: 406 411 703 722 733 736 743 745 747 762 768 791 794 969
768: 352 394 435 487 544 701 708 709 712 714 716 717 729 731 738 750 767 771 778 785 812
769: 124 413 715 718 734 739 745 747 749 753 756 764 786 789 798 799 927 960
770: 64 330 583 594 706 711 719 720 727 732 736 753 777 784 790 824
771: 57 151 374 638 642 713 717 718 729 734 752 755 763 764 768 775 776 778 790 792 801
772: 6 129 599 711 722 725 729 754 791 792 793 796 828 964
773: 273 523 627 686 750 756 759 796 869
774: 502 508 642 704 709 711 715 747 749 750 752 765 766 804 866 919
775: 32 186 532 703 715 719 729 739 747 762 771 797 799 899
776: 73 154 171 193 459 469 708 710 711 716 717 740 748 771 797 874 967
777: 6 138 642 716 732 738 740 747 753 770 789 828
778: 239 432 505 701 704 737 743 752 755 768 771 789 798 804
779: 267 600 601 706 729 732 761 785 787 793 795 818 849 883 904
780: 178 203 270 333 477 705 710 723 729 730 742 782 788
781: 111 161 202 295 547 601 622 628 641 690 729 732 734 742 750 783 956 999
782: 517 539 704 706 710 718 721 722 726 731 736 738 739 763 764 780 886 899
783: 24 261 409 627 703 714 715 755 764 781 797 799
784: 361 438 569 608 734 735 744 746 748 755 770 796 797 909 959
785: 417 481 597 705 727 747 753 761 768 779 795 891
786: 183 257 514 537 645 672 701 720 727 749 752 757 769 787 796 843 945
787: 81 652 719 730 731 734 759 779 786 789 792 891
788: 214 588 591 700 719 721 741 751 757 761 780 794 799 825
789: 197 366 524 637 645 700 703 707 714 725 749 769 777 778 787 791 839 939 951
790: 24 228 348 676 703 704 711 724 730 755 758 770 771 844
791: 60 133 142 639 689 721 744 745 766 767 772 789 799 927 940
792: 63 71 145 213 294 329 341 369 433 700 704 715 721 722 734 744 756 759 761 771 772 787 796
793: 27 169 302 400 413 430 468 517 546 702 742 754 772 779
794: 474 700 713 715 720 745 746 754 767 788 848 937
795: 37 95 185 701 707 712 715 717 740 742 746 747 779 785 868 932
796: 36 66 102 120 242 273 325 349 701 706 722 729 739 741 772 773 784 786 792 916
797: 34 163 233 349 595 596 642 654 705 708 713 717 724 736 744 752 775 776 783 784
798: 701 723 724 731 739 743 752 754 769 778
799: 174 186 308 309 338 702 705 707 730 736 744 769 775 783 788 791 981
800: 84 242 407 812 825 826 851 888 891
801: 287 573 725 771 805 815 819 836 878 880 885 894
802: 336 818 825 826 833 870 878 892 893
803: 128 185 366 448 608 669 805 809 829 836 837 975
804: 173 759 774 778 813 819 824 827 838 842 855 870 875 883 896 927
805: 120 519 740 801 803 806 820 833 834 836 837 842 843 858 879 884 891 893
806: 114 315 619 735 805 815 821 830 834 855 887 891
807: 51 137 142 152 341 371 471 509 663 810 819 824 851 854 858 876 878 890 897
808: 8 19 371 410 545 811 812 819 822 827 832 839 843 846 852 862 866 870 875 877 880 883 889 890
809: 648 732 733 803 810 845 856 875 878 879 897 910 991
810: 439 807 809 822 826 834 845 862 886
811: 71 299 537 808 812 814 816 821 827 828 846 852 855 858 861 862 865 875 891
812: 151 660 768 800 808 811 823 844 853 861 863 887 894
813: 128 387 542 804 814 830 845 865 871 893
814: 372 592 757 811 813 831 841 852 866 882 890 983
815: 167 292 801 806 816 822 837 840 851 859 860 890 899 914
816: 302 411 421 591 628 811 815 825 832 857 858 867 894 897 974
817: 244 411 750 824 830 831 835 836 841 859 870 875 889 894 897 898 929
818: 165 587 630 779 802 819 831 848 850 854 895
819: 253 325 505 562 581 613 682 801 804 807 808 818 832 842 855 858 867 874
820: 297 487 708 805 842 869 877 878 899 911
821: 245 409 806 811 824 867 873 881 882 969
822: 808 810 815 841 842 846 865 867 875 884
823: 176 287 476 812 854 855 861 868 879 886
824: 66 160 251 399 770 804 807 817 821 861 876 881 887 919 928
825: 2 35 143 386 513 548 788 800 802 816 833 853 863 867 870 872 899
826: 242 543 544 682 800 802 810 827 840 845 871 874 883
827: 24 137 260 284 804 808 811 826 835 848 873 875 890 893
828: 126 286 301 332 392 502 671 772 777 811 851 856 862 863 875
829: 117 144 505 803 835 848 855 858 864 865 866 889 891 895
830: 63 147 440 806 813 817 849 856 858 877 889 894 898
831: 127 530 589 814 817 818 843 845 846 872 873 893 894
832: 105 148 153 381 393 808 816 819 850 856 869 876 897
833: 243 476 601 802 805 825 843 865 899 912
834: 21 159 226 623 805 806 810 851 852 854 865 867 869 884 885 892 893 936 964
835: 227 370 386 411 817 827 829 840 850 868 898
836: 85 100 676 801 803 805 817 845 850 857 858 991
837: 66 114 291 803 805 815 847 862 879 884 886 887
838: 64 176 292 467 469 597 804 853 867 868 893 929
839: 300 338 447 471 549 623 789 808 848 859 867 869 878 889 897 898
840: 15 206 276 556 815 826 835 841 849 854 869 876 877 882 889 892
841: 455 612 671 755 814 817 822 840 858 875 881 882 884 886 896 937
842: 43 398 424 804 805 819 820 822 851 874 880 890
843: 222 475 562 786 805 808 831 833 846 856 867 872 883 953
844: 128 194 790 812 871 896
845: 156 293 654 716 809 810 813 826 831 836 859 860 865 867 881 882 884 891 892 904
846: 172 203 276 499 808 811 822 831 843 860 864 867 873 875 886 892 897 934 937
847: 649 654 837 852 861 885 892 893 894 896
848: 338 479 523 705 794 818 827 829 839 865 896 924 982 993
849: 103 126 130 292 564 779 830 840 866 867 896 957 969
850: 206 818 832 835 836 854 865 870 892 897 968
851: 77 196 439 732 800 807 815 828 834 842 855 874 878 879 890
852: 257 270 411 808 811 814 834 847 856 870 871 879 892
853: 51 84 656 812 825 838 862 889 920
854: 166 189 369 483 492 807 818 823 834 840 850 857 864 873 874 883 891 941
855: 311 470 514 804 806 811 819 823 829 851 861 890 891 899
856: 707 809 828 830 832 843 852 873 874
857: 26 170 281 470 816 836 854 861 881 888
858: 181 275 342 397 406 552 805 807 811 816 819 829 830 836 841 860 861 866 875 880 926
859: 141 443 815 817 839 845 862 869 870 875 880 897
860: 24 274 719 815 845 846 858 895 899
861: 318 437 452 464 811 812 823 824 847 855 857 858 889
862: 83 166 213 221 279 404 808 810 811 828 837 853 859 882 889 893 895 990
863: 333 407 679 744 812 825 828 865 868 869 880 883 892 899 918
864: 513 561 600 829 846 854 871 874 877 887
865: 108 558 594 811 813 822 829 833 834 845 848 850 863 871 874 875 877 892 895
866: 48 197 292 721 774 808 814 829 849 858 884 887 897 978
867: 50 450 682 816 819 821 822 825 834 838 839 843 845 846 849 881 884 895 899
868: 78 91 559 795 823 835 838 863 873 880
869: 773 820 832 834 839 840 859 863 896
870: 95 496 802 804 808 817 825 850 852 859 873 878 887 890 955
871: 813 826 844 852 864 865 899
872: 379 689 764 825 831 843 875 879
873: 173 217 403 432 544 569 821 827 831 846 854 856 868 870 877 883 889 893 895 958
874: 145 439 549 599 776 819 826 842 851 854 856 864 865 887
875: 284 380 386 617 636 708 804 808 809 811 817 822 827 828 841 846 858 859 865 872 884 887 895 896
876: 179 263 523 807 824 832 840 878 880 887 889 893 898
877: 529 537 554 685 808 820 830 840 864 865 873 882 883 895
878: 210 385 581 590 801 802 807 809 820 839 851 870 876 881 886 893 898
879: 243 287 306 710 805 809 823 837 851 852 872 880 886 896
880: 750 801 808 842 858 859 863 868 876 879 888
881: 15 324 411 652 821 824 841 845 857 867 878 989
882: 33 167 252 545 652 697 726 814 821 840 841 845 862 877 888 898
883: 134 561 779 804 808 826 843 854 863 873 877 897 998
884: 25 108 546 726 805 822 834 837 841 845 866 867 875
885: 199 605 713 801 834 847 888 893 998
886: 51 148 171 321 354 498 581 667 782 810 823 837 841 846 878 879 895 897 957
887: 44 122 183 670 806 812 824 837 864 866 870 874 875 876
888: 102 721 763 800 857 880 882 885 892
889: 192 457 497 759 808 817 829 830 839 840 853 861 862 873 876 897 987
890: 181 643 715 735 807 808 814 815 827 842 851 855 870 893 895 897 981
891: 15 79 275 314 441 785 787 800 805 806 811 829 845 854 855
892: 202 276 434 636 802 834 840 845 846 847 850 852 863 865 888 898
893: 62 164 291 568 802 805 813 827 831 834 838 847 862 873 876 878 885 890
894: 155 164 166 328 594 661 710 728 801 812 816 817 830 831 847 909
895: 11 159 251 291 670 764 818 829 860 862 865 867 873 875 877 886 890
896: 749 804 841 844 847 848 849 869 875 879 898 953
897: 88 146 211 471 547 564 593 671 807 809 816 817 832 839 846 850 859 866 883 886 889 890 997
898: 181 196 341 565 657 691 817 830 835 839 876 878 882 892 896 899
899: 251 383 442 723 738 775 782 815 820 825 833 855 860 863 867 871 898 918 972
900: 922 926 945 957 959 973 990 991
901: 22 172 572 918 924 925 933 949 978 984 990 997
902: 319 402 913 917 921 931 932 938 949 962 971 974 981 983 991
903: 439 454 706 910 911 924 946 954 974 982 984 994
904: 498 779 845 916 927 930 944 947 962 967 974 985 988 989 992 994 997
905: 154 380 553 913 922 928 947 952 963 966 981
906: 32 907 911 919 920 936 958 961 962 970 974 978 982 989 995
907: 5 114 296 381 410 466 488 560 906 922 924 934 940 953 958 972 977 983 998
908: 60 67 137 206 700 912 925 943 961 997
909: 372 718 784 894 956 958 977 990
910: 21 81 340 374 809 903 920 923 949 959 961 965 990
911: 250 258 820 903 906 920 934 952 957 978 990
912: 217 305 833 908 935 936 941 944 947 962 981 984 991 992
913: 172 216 279 367 474 627 902 905 925 938 955 970 988 995 997 999
914: 119 663 815 922 927 930 933 944 950 957 959 962 973 975 988 993
915: 103 150 240 318 347 361 933 946 947 950 961 975 987
916: 51 220 796 904 929 930 949 961 971 983 994 995
917: 573 902 918 924 928 931 947 953 962 967 978
918: 100 106 124 232 255 421 572 863 899 901 917 938 952 970 977 978 979 985 986
919: 143 166 607 774 824 906 929 938 942 945 956 959 961 968 977 981 984 992 999
920: 80 140 188 199 476 477 539 853 906 910 911 931 940 941 958 961 966 979 996
921: 9 26 197 306 317 536 902 925 934 946 947 949 953 960 962 975 977 981 988 998
922: 320 525 531 535 741 900 905 907 914 935 944 952 960
923: 85 199 478 648 910 926 927 929 942 945 959 971 975
924: 184 282 420 555 755 848 901 903 907 917 932 942 947 948 962 971 972 984 990 993
925: 59 901 908 913 921 937 943 950 956 961 962 995
926: 10 81 94 164 236 322 858 900 923 938 952 961 988 996
927: 7 64 224 408 440 720 769 791 804 904 914 923 928 929 939 943 951 971 999
928: 39 96 273 351 559 631 824 905 917 927 934 943 954 955 989
929: 383 817 838 916 919 923 927 930 933 941 942 949 955 983 984 986 998
930: 9 23 43 219 724 904 914 916 929 948 949 955 964 967 978 984 990
931: 902 917 920 937 945 953 970 978 984 988 998
932: 302 454 458 795 902 924 934 964 965 966 968 972 973 992 995
933: 1 19 294 533 583 901 914 915 929 936 937 941 943 955 956 971 990
934: 63 146 155 375 679 846 907 911 921 928 932 941 944 951 956 958 972 975 976 986 988 989
935: 194 215 255 341 628 667 912 922 956 972 975 982
936: 48 99 637 644 834 906 912 933 969 971 993
937: 209 217 236 259 370 660 794 841 846 925 931 933 954 958 975 988 998
938: 37 114 499 657 682 902 913 918 919 926 942 946 950 957 958 966 971 974 981 988 998
939: 57 61 72 789 927 953 966 971 986 987 995
940: 162 516 763 791 907 920 942 944 958 964 966 970 980 982 996
941: 93 372 435 518 707 854 912 920 929 933 934 951 968 996
942: 129 755 919 923 924 929 938 940 954 975 986
943: 277 349 450 604 679 704 908 925 927 928 933 965 971 972 974
944: 37 57 197 499 562 738 741 743 904 912 914 922 934 940 964 969 973 978
945: 76 329 343 584 633 744 786 900 919 923 931 946 948 955 966 967 973 978 983 992 994
946: 133 295 431 443 589 671 903 915 921 938 945 948 957 963 964 970 989 995 996
947: 79 351 465 904 905 912 915 917 921 924 963 969 971 993
948: 50 67 268 765 924 930 945 946 951 956 957 959 967 977 978 984 988
949: 39 121 359 901 902 910 916 921 929 930 967 979 989 990 991 997
950: 109 309 646 914 915 925 938 953 973 979
951: 164 506 740 789 927 934 941 948 952 956 957 958 982 988
952: 41 229 746 905 911 918 922 926 951 956 958 966 976 980 995 998
953: 36 315 843 896 907 917 921 931 939 950 956 972 973 977 981 983 988 993
954: 419 464 578 903 928 937 942 960 963 976 999
955: 47 612 870 913 928 929 930 933 945 962 978
956: 15 221 548 584 749 781 909 919 925 933 934 935 948 951 952 953
957: 59 95 164 312 690 730 736 849 886 900 911 914 938 946 948 951 971 975 986 987 996
958: 355 693 873 906 907 909 920 934 937 938 940 951 952 975 984 990
959: 92 278 453 466 560 784 900 910 914 919 923 948 970 977 986
960: 31 95 157 203 282 332 491 645 735 769 921 922 954 963 985 994
961: 7 29 727 730 746 906 908 910 915 916 919 920 925 926 964 998 999
962: 428 481 902 904 906 912 914 917 921 924 925 955 968 973 985 990 991 996 997 998
963: 45 58 118 355 566 688 905 946 947 954 960 971 980 988 998
964: 184 284 508 553 772 834 930 932 940 944 946 961 966 979 980 983 990 996 997 999
965: 10 209 328 390 407 721 910 932 943 980 983 984 985 993
966: 70 492 548 686 742 905 920 932 938 939 940 945 952 964 969 974 997
967: 138 505 509 543 776 904 917 930 945 948 949 983 985
968: 199 388 568 850 919 932 941 962 969 977
969: 311 489 767 821 849 936 944 947 966 968 975
970: 161 180 313 363 427 906 913 918 931 940 946 959 972 977 990 994 995
971: 13 46 391 437 470 541 902 916 923 924 927 933 936 938 939 943 947 957 963 973 980 983 991 995 998
972: 899 907 924 932 934 935 943 953 970 980 985 994
973: 85 204 581 900 914 932 944 945 950 953 962 971 993
974: 78 646 668 816 902 903 904 906 938 943 966 978 984
975: 75 181 673 803 914 915 921 923 934 935 937 942 957 958 969 982 989 993 994
976: 81 181 413 518 733 934 952 954 979 983 994 996 998
977: 79 151 576 907 909 918 919 921 948 953 959 968 970 980 991
978: 204 263 459 646 665 866 901 906 911 917 918 930 931 944 945 948 955 974 980 986
979: 2 27 88 918 920 949 950 964 976 982
980: 67 940 952 963 964 965 971 972 977 978 981 984 985 989 993 994
981: 528 617 706 799 890 902 905 912 919 921 938 953 980 982 988
982: 27 173 239 712 848 903 906 935 940 951 975 979 981 988 990
983: 26 100 566 734 814 902 907 916 929 945 953 964 965 967 971 976 989 999
984: 273 289 344 370 375 742 901 903 912 919 924 929 930 931 948 958 965 974 980 994
985: 21 390 435 650 904 918 960 962 965 967 972 980 988 991 998
986: 191 501 506 538 634 918 929 934 939 942 957 959 978 995 996
987: 28 171 270 284 329 401 516 766 889 915 939 957 991
988: 76 84 251 278 462 549 738 904 913 914 921 926 931 934 937 938 948 951 953 963 981 982 985 997
989: 163 292 701 881 904 906 928 934 946 949 975 980 983
990: 16 207 352 713 862 900 901 909 910 911 924 930 933 949 958 962 964 970 982 999
991: 25 157 372 409 557 809 836 900 902 912 949 962 971 977 985 987 996 997 998
992: 48 125 171 189 704 904 912 919 932 945
993: 221 357 358 363 691 848 914 924 936 947 953 965 973 975 980
994: 61 75 362 565 608 675 757 903 904 916 945 960 970 972 975 976 980 984
995: 255 288 396 574 711 906 913 916 925 932 939 946 952 970 971 986 998
996: 52 57 236 514 626 920 926 940 941 946 957 962 964 976 986 991
997: 81 96 253 327 403 897 901 904 908 913 949 962 964 966 988 991
998: 268 476 765 883 885 907 921 929 931 937 938 952 961 962 963 971 976 985 991 995
999: 36 506 556 638 722 781 913 919 927 954 961 964 983 990
