0: 55 58 62 67 74 79 89
1: 7 16 22 26 29 40 44 52 53 62 66 72 78 88 93
2: 29 39 48 54 55 77 83 88 91 98
3: 80 83 88 92 95 96
4: 5 11 16 18 20 24 26 48 60 63 72 76 77 79 80 92 98 623
5: 4 16 26 28 33 35 50 58 59 62 77 83 93
6: 11 39 45 48 52 82 90
7: 1 13 44 55 60 90 95
8: 26 28 56 94 97
9: 14 20 31 32 45 58 72 73 81 86
10: 13 30 33 60 61
11: 4 6 12 16 29 39 56 57 77 89
12: 11 21 71 89 90 97 99
13: 7 10 16 35 49 56 60 61 91
14: 9 17 20 41 48 65 83 98
15: 24 57 60 64 82 98
16: 1 4 5 11 13 22 43 48 49 57 58 64 81
17: 14 19 28 33 36 49 62 67 83 84 98
18: 4 45 48 53 59 61
19: 17 35 39 43 47 54 81 85 92
20: 4 9 14 26 27 66 78 85 86
21: 12 46 52 58 74 76 80 81 82 90 154
22: 1 16 63 99 180
23: 24 34 35 44 65 68 69 87 96
24: 4 15 23 27 29 31 35 42 53 64 70 87 90 92 95 97
25: 50 54 91 94 99
26: 1 4 5 8 20 39 40 62 67 94 95 323 683
27: 20 24 37 47 52 58 60 71 85 90
28: 5 8 17 31 35 43 52 66 84 88 90
29: 1 2 11 24 35 46 62 65 74
30: 10 44 49 51 52 63
31: 9 24 28 36 43 57 68 70 76 78 84 91 94
32: 9 48 52 58 81 85 88 94
33: 5 10 17 40 43 59 73 76 91 92
34: 23 37 38 41 56 58 69 89
35: 5 13 19 23 24 28 29 36 39 57 69 73 75 81 90
36: 17 31 35 42 63 66 73 77 78
37: 27 34 39 45 53 62 69 86 92
38: 34 48 56 62 70 75 80 84 86 89 94 95 98
39: 2 6 11 19 26 35 37 44 50 52 64 75
40: 1 26 33 61 74 80 92 97
41: 14 34 52 69 87 91 99
42: 24 36 46 62 63 93 98
43: 16 19 28 31 33 55 59 63 68 72 86 88
44: 1 7 23 30 39 57 58 77 91
45: 6 9 18 37 48 53 65 68 76 77
46: 21 29 42 48 98
47: 19 27 49 52 62 75 82 92 93 94 96 97 793
48: 2 4 6 14 16 18 32 38 45 46 64 81 93 99
49: 13 16 17 30 47 54 56 82 88 89 98
50: 5 25 39 54 75 81 92 96
51: 30 56 59 62 80 81 83 86 88 93
52: 1 6 21 27 28 30 32 39 41 47 95
53: 1 18 24 37 45 86 89 93
54: 2 19 25 49 50 58 78 84
55: 0 2 7 43 66 79 90
56: 8 11 13 34 38 49 51 58 59 71 80 88 711
57: 11 15 16 31 35 44 62 63 89
58: 0 5 9 16 21 27 32 34 44 54 56 66 68 74 89
59: 5 18 33 43 51 56 68
60: 4 7 10 13 15 27 65 80 85 95 98
61: 10 13 18 40 69 79 595
62: 0 1 5 17 26 29 37 38 42 47 51 57 74 75 80 86
63: 4 22 30 36 42 43 57 77 86 98
64: 15 16 24 39 48 65 68 69 77 86 98 99 169 449
65: 14 23 29 45 60 64 67
66: 1 20 28 36 55 58 76 84 96
67: 0 17 26 65 69 74 75 85 97
68: 23 31 43 45 58 59 64 75 77
69: 23 34 35 37 41 61 64 67 70 73 83 91 97
70: 24 31 38 69 82
71: 12 27 56 74 81 86 97 488
72: 1 4 9 43 79 82 86 91
73: 9 33 35 36 69 97 98 99
74: 0 21 29 40 58 62 67 71 98
75: 35 38 39 47 50 62 67 68 79
76: 4 21 31 33 45 66 77 82
77: 2 4 5 11 36 44 45 63 64 68 76 83 95
78: 1 20 31 36 54 80 82 93 94 95 737
79: 0 4 55 61 72 75 81
80: 3 4 21 38 40 51 56 60 62 78 94
81: 9 16 19 21 32 35 48 50 51 71 79 99
82: 6 15 21 47 49 70 72 76 78 83 88 90 91
83: 2 3 5 14 17 51 69 77 82 94 95
84: 17 28 31 38 54 66 98 99
85: 19 20 27 32 60 67 86 87 88 95 99
86: 9 20 37 38 43 51 53 62 63 64 71 72 85
87: 23 24 41 85 88 266
88: 1 2 3 28 32 43 49 51 56 82 85 87 89 92
89: 0 11 12 34 38 49 53 57 58 88 91
90: 6 7 12 21 24 27 28 35 55 82 93
91: 2 13 25 31 33 41 44 69 72 82 89 324
92: 3 4 19 24 33 37 40 47 50 88
93: 1 5 42 47 48 51 53 78 90 98
94: 8 25 26 31 32 38 47 78 80 83 95 97
95: 3 7 24 26 38 52 60 77 78 83 85 94
96: 3 23 47 50 66
97: 8 12 24 40 47 67 69 71 73 94
98: 2 4 14 15 17 38 42 46 49 60 63 64 73 74 84 93
99: 12 22 25 41 48 64 73 81 84 85
100: 103 109 113 117 123 137 141 146 167 178 182 199
101: 103 105 115 122 136 144 145 159 168 170 190
102: 125 132 137 144 153 169 175 182 185
103: 100 101 110 113 139 140 143 147 155 171 181 191
104: 121 131 151 167 181 183 186 188 191 195 196
105: 101 115 120 125 155 164 171 178 182 193
106: 107 117 131 136 141 142 174 189
107: 106 120 133 151 152 155 160 162 174 177 188
108: 114 127 154 157 163 168 169 170 175 178 181
109: 100 126 127 147 151 153 165 172 180 195
110: 103 113 114 121 136 142 145 165 173 187
111: 112 123 151 152 171 175 179 183 184
112: 111 118 125 136 149 161 194 197
113: 100 103 110 116 117 120 122 137 152 166 176 189 191
114: 108 110 118 123 127 149 154 184
115: 101 105 119 123 126 147 153 164 167 183 184 690
116: 113 124 133 148 168 171 173 180 182 184 199
117: 100 106 113 119 125 146 160 161 167 171 173 183 186
118: 112 114 147 160 178 186 195
119: 115 117 139 140 142 159 185 195 254
120: 105 107 113 127 147 162 163 168 169 170 177 196 199
121: 104 110 128 159 166 168 180 187 192 196 197
122: 101 113 143 144 147 155 162 178 179 185 195
123: 100 111 114 115 127 140 141 156 170 174 177 182 190 191
124: 116 140 146 155 159 160 165 166 194
125: 102 105 112 117 134 155
126: 109 115 148 156 160 178 181 185
127: 108 109 114 120 123 132 135 143 148 194 198
128: 121 131 138 145 163 180 188
129: 157 160 161 164 189 191 196
130: 152 160 195 197
131: 104 106 128 152 155 166 169 171 175
132: 102 127 140 149 151 154 167 180 183 187
133: 107 116 135 180
134: 125 143 149 153 156 162 182 191 197 199
135: 127 133 150 171 177 179 180
136: 101 106 110 112 139 144 145 151 152 154 161 177 190 192
137: 100 102 113 146 149 154 157 158 171 189
138: 128 145 147 163 170 171 174 187 190 192
139: 103 119 136 141 143 164 176 193 196
140: 103 119 123 124 132 152 159 163 170 173 174 177 190 196
141: 100 106 123 139 145 154 157 159 160 166 189 191 193 196
142: 106 110 119 177 184 185
143: 103 122 127 134 139 151 158 163 174 175 181
144: 101 102 122 136 159 161 194 198
145: 101 110 128 136 138 141 159 161 164 169 182 187 190 192 193
146: 100 117 124 137 155 156 157 185 192 193
147: 103 109 115 118 120 122 138 151 155 172 183
148: 116 126 127 150 154 182 189
149: 112 114 132 134 137
150: 135 148 160 164 165 171 177 183 191 194
151: 104 107 109 111 132 136 143 147 155 160 167 174 176 180
152: 107 111 113 130 131 136 140 159 161 162 163 178
153: 102 109 115 134 159 162 169 170 173 177 186 194
154: 21 108 114 132 136 137 141 148 157 177 182 186 197
155: 103 105 107 122 124 125 131 146 147 151 179 180 195
156: 123 126 134 146 160 162 163 173 183 185 187
157: 108 129 137 141 146 154 168
158: 137 143 166 167 168 173 178 185
159: 101 119 121 124 140 141 144 145 152 153 164 183 194
160: 107 117 118 124 126 129 130 141 150 151 156 738
161: 112 117 129 136 144 145 152 166 173 175 180 196
162: 107 120 122 134 152 153 156 171 174 176 179 185
163: 108 120 128 138 140 143 152 156 167 177 186 199
164: 105 115 129 139 145 150 159 177 191 192
165: 109 110 124 150 176 179 181
166: 113 121 124 131 141 158 161 183 184 192 197
167: 100 104 115 117 132 151 158 163 170 183 196
168: 101 108 116 120 121 157 158 169 181
169: 64 102 108 120 131 145 153 168 172 182 188
170: 101 108 120 123 138 140 153 167 178 183 189
171: 103 105 111 116 117 131 135 137 138 150 162 180 190
172: 109 147 169 184
173: 110 116 117 140 153 156 158 161 183 184 195 196
174: 106 107 123 138 140 143 151 162 197
175: 102 108 111 131 143 161 176 181 185 190 199
176: 113 139 151 162 165 175 183 187 190 191
177: 107 120 123 135 136 140 142 150 153 154 163 164 187 190
178: 100 105 108 118 122 126 152 158 170 180 187 189 193
179: 111 122 135 155 162 165
180: 22 109 116 121 128 132 133 135 151 155 161 171 178 191 194
181: 103 104 108 126 143 165 168 175 186 190
182: 100 102 105 116 123 134 145 148 154 169 197
183: 104 111 115 117 132 147 150 156 159 166 167 170 173 176 184 191
184: 111 114 115 116 142 166 172 173 183
185: 102 119 122 126 142 146 156 158 162 175 195
186: 104 117 118 153 154 163 181 190 193
187: 110 121 132 138 145 156 176 177 178
188: 104 107 128 169 195
189: 106 113 129 137 141 148 170 178 192 199
190: 101 123 136 138 140 145 171 175 176 177 181 186 194
191: 103 104 113 123 129 134 141 150 164 176 180 183 192
192: 121 136 138 145 146 164 166 189 191 197
193: 105 139 141 145 146 178 186
194: 112 124 127 144 150 153 159 180 190
195: 104 109 118 119 122 130 155 173 185 188
196: 104 120 121 129 139 140 141 161 167 173 199
197: 112 121 130 134 154 166 174 182 192
198: 127 144
199: 100 116 120 134 163 175 189 196
200: 205 211 230 237 261 279 285 294
201: 205 213 221 223 233 239 241 252 262 288 295
202: 211 214 227 235 245 251 258 273 283
203: 245 248 249 260 269 270 272 297
204: 209 223 230 259 273 276 281 282 289 296
205: 200 201 207 210 211 213 239 249 250 256 274
206: 208 211 214 218 228 238 239 254 255 258 265 271 275 277
207: 205 210 217 224 231 235 248 252 265
208: 206 214 220 244 254 263 282 285 288 290 299
209: 204 214 230 231 233 241 269 271 276 279
210: 205 207 211 214 216 222 233 244 261 272 287 292
211: 200 202 205 206 210 217 220 223 233 236 283
212: 218 223 238 241 268 272 286
213: 201 205 242 253 254 266 269 274 276 283 284 292 294
214: 202 206 208 209 210 235 238 239 243 246 254 260 262 283 286
215: 231 240 247 248 267 273 281
216: 210 220 230 231 244 256 261 268 272 285
217: 207 211 221 228 236 267 281 284 288 293
218: 206 212 238 240 246 258 266 299
219: 235 238 251 254 258 265
220: 208 211 216 222 230 231 252 253 277 278 285 289 297
221: 201 217 227 230 245 267 268 277 278 279 280 284 289 293 294
222: 210 220 227 235 236 240 256 281 290
223: 201 204 211 212 227 241 255 271 272 280
224: 207 229 240 241 260
225: 227 229 234 266 268 290 294 299 871
226: 228 231 240 248 261 294
227: 202 221 222 223 225 252 253 263 267 274 277 288 290 293
228: 206 217 226 233 241 259 261 275 280
229: 224 225 231 233 239 252 255 259 274 279 282 297
230: 200 204 209 216 220 221 232 238 263 273 283 286 297
231: 207 209 215 216 220 226 229 235 252 287 290
232: 230 253 258 272 279 283 295 299
233: 201 209 210 211 228 229 244 262 278 284
234: 225 235 253 254 258 260 261 281
235: 202 207 214 219 222 231 234 240 246 249 253 262 274 280
236: 211 217 222 246 249 278 284 292
237: 200 238 240 241 243 247 249 250 263 267 274 295 855
238: 206 212 214 218 219 230 237 241 264 268 270 276 287 289
239: 201 205 206 214 229 250 257 276 282 296
240: 215 218 222 224 226 235 237 256 266 278 280 298
241: 201 209 212 223 224 228 237 238 267 278 287
242: 213 265 266 268 282 287 289
243: 214 237 244 248 260 287
244: 208 210 216 233 243 245
245: 202 203 221 244 257 277 282 296 298
246: 214 218 235 236 247 252 253 261 269 271 277 288 291 295 297
247: 215 237 246 249 257 263
248: 203 207 215 226 243 256 260 262 269 296
249: 203 205 235 236 237 247 266 273 280 287 288
250: 205 237 239 260 290 298 299
251: 202 219 252 275 286 288 289 294 297 298 299
252: 201 207 220 227 229 231 246 251 277 288 290 292 293 389
253: 213 220 227 232 234 235 246 267 272 277 285 287 289 291 299
254: 119 206 208 213 214 219 234 258 280 293
255: 206 223 229 256 267 650
256: 205 216 222 240 248 255 260 267 268 272 281 292 298
257: 239 245 247 267 275 276 290
258: 202 206 218 219 232 234 254 266 270 271 296 297
259: 204 228 229 261 263 264 287 288 290 292
260: 203 214 224 234 243 248 250 256 261 269 272 293
261: 200 210 216 226 228 234 246 259 260 264 269 277
262: 201 214 233 235 248 272 278 290 296
263: 208 227 230 237 247 259 267 273 274
264: 238 259 261 271 284
265: 206 207 219 242 276
266: 87 213 218 225 240 242 249 258 286
267: 215 217 221 227 237 241 253 255 256 257 263 268 293 296
268: 212 216 221 225 238 242 256 267 272 287 288 296
269: 203 209 213 246 248 260 261 273 276 279 281 294 297
270: 203 238 258 292 293 295
271: 206 209 223 246 258 264 278 281
272: 203 210 212 216 223 232 253 256 260 262 268 281 289 293
273: 202 204 215 230 249 263 269
274: 205 213 227 229 235 237 263 283 290
275: 206 228 251 257 287
276: 204 209 213 238 239 257 265 269 283 284
277: 206 220 221 227 245 246 252 253 261 286
278: 220 221 233 236 240 241 262 271
279: 200 209 221 229 232 269
280: 221 223 228 235 240 249 254 285 293 294
281: 204 215 217 222 234 256 269 271 272 284 290
282: 204 208 229 239 242 245 284
283: 202 211 213 214 230 232 274 276
284: 213 217 221 233 236 264 276 281 282 296 298
285: 200 208 216 220 253 280 293 294
286: 212 214 230 251 266 277 289
287: 210 231 238 241 242 243 249 253 259 268 275 296 297
288: 201 208 217 227 246 249 251 252 259 268 294 815
289: 204 220 221 238 242 251 253 272 286 623
290: 208 222 225 227 231 250 252 257 259 262 274 281
291: 246 253
292: 210 213 236 252 256 259 270 293 818
293: 217 221 227 252 254 260 267 270 272 280 285 292 297 298
294: 200 213 221 225 226 251 269 280 285 288
295: 201 232 237 246 270
296: 204 239 245 248 258 262 267 268 284 287
297: 203 220 229 230 246 251 258 269 287 293
298: 240 245 250 251 256 284 293 299
299: 208 218 225 232 250 251 253 298
300: 313 317 324 327 337 342 346 351 359 363 369 389
301: 302 308 323 332 333 347 357 384 387 391
302: 301 308 321 324 342 344 358 359 360 382 386 389
303: 309 310 318 328 350 354 369 372 382 384 393 396 399
304: 307 308 313 317 319 324 335 337 338 342 361 364 375 381 383 387 393 397
305: 307 309 343 350 361 365 374 391 398
306: 314 317 334 354 356 359 376 378 381 387
307: 304 305 312 314 320 339 341 352 354 373 381 389 391
308: 301 302 304 311 335 350 353 361 382 383 385 387 390
309: 303 305 317 328 357 362 365 398
310: 303 314 324 329 341 353 359 373
311: 308 326 327 333 343 351 367 369 380 384
312: 307 313 314 317 370 371 374 381 382 387
313: 300 304 312 320 324 334 362 377 390
314: 306 307 310 312 317 324 329 331 333 335 352 367 381 382 395
315: 365 367 386
316: 318 337 344 348 350 354 360 363 365 379 387 393 394
317: 300 304 306 309 312 314 319 328 332 354 387 389
318: 303 316 328 344 347 350 351 352 355 362 364 387 389
319: 304 317 322 336 343 350 357 364 376 384
320: 307 313 331 357 360 367 373 390
321: 302 337 339 344 364 367 370 375 381 386
322: 319 334 361 362 366 370
323: 26 301 327 342 352 360 377 379 387
324: 91 300 302 304 310 313 314 332 337 341 343 348 363 383 385 390
325: 326 331 350 357 360 378
326: 311 325 343 347 360 370 377 382
327: 300 311 323 334 337 368 382 392
328: 303 309 317 318 343 345 394 948
329: 310 314 334 337 348 352 353 358 362 372
330: 345
331: 314 320 325 356 357 372 375 377 385 395
332: 301 317 324 367 384 385 386 389 394 396
333: 301 311 314 340 345 352 367 372 379 392 399
334: 306 313 322 327 329 346 359 360 374 375 376
335: 304 308 314 340 344 362 375 381 386 389 392 397
336: 319 344 352 364 381 385 396 399
337: 300 304 316 321 324 327 329 351 357 363 366 377 379 794
338: 304 357 374 378 382 386 393 396
339: 307 321 351 359 368 378 393 395
340: 333 335 341 344 345 350 365 366 369 382 393 394 397
341: 307 310 324 340 342 361 363 388 390
342: 300 302 304 323 341 362 379 380
343: 305 311 319 324 326 328 351 368 391
344: 302 316 318 321 335 336 340 347 348 352 359 362 368 380 386 395 397 398
345: 328 330 333 340 350 388 389 391 395 398
346: 300 334 384 386 397
347: 301 318 326 344 355 372 376
348: 316 324 329 344 354 361 363 365 366 371 373 379 382 384 390 393
349: 354 360 361 367 382 389 392
350: 303 305 308 316 318 319 325 340 345 365 371 380 389
351: 300 311 318 337 339 343 352 365 366 378 397
352: 307 314 318 323 329 333 336 344 351 358 379 384 397
353: 308 310 329 356 363 374 378 392 394 396
354: 303 306 307 316 317 348 349 358 379 380 385 393
355: 318 347 368 369 375 379 390 394
356: 306 331 353 360 361 363 368 371 378 381 395
357: 301 309 319 320 325 331 337 338 361 371 373 376 382 396
358: 302 329 352 354 359 367 371 387
359: 300 302 306 310 334 339 344 358 370 379 385 390
360: 302 316 320 323 325 326 334 349 356 370
361: 304 305 308 322 341 348 349 356 357 364 372 381 385 392 807
362: 309 313 318 322 329 335 342 344 365 372 379 381 397 398
363: 300 316 324 337 341 348 353 356 369 380
364: 304 318 319 321 336 361 369 375
365: 305 309 315 316 340 348 350 351 362 366 371 385 398
366: 322 337 340 348 351 365 370 379 385
367: 311 314 315 320 321 332 333 349 358 376
368: 327 339 343 344 355 356 373 378 385 387 395
369: 300 303 311 340 355 363 364 375 378 383
370: 312 321 322 326 359 360 366 372 379 381 383
371: 312 348 350 356 357 358 365 375 386 387 396
372: 303 329 331 333 347 361 362 370 376 381 390 393
373: 307 310 320 348 357 368 389 394 633
374: 305 312 334 338 353 380 387
375: 304 321 331 334 335 355 364 369 371 376 399
376: 306 319 334 347 357 367 372 375 383 385
377: 313 323 326 331 337 384 394
378: 306 325 338 339 351 353 356 368 369 379 396 398
379: 316 323 333 337 342 348 352 354 355 359 362 366 370 378
380: 311 342 344 350 354 363 374 392
381: 304 306 307 312 314 321 335 336 356 361 362 370 372 392 395
382: 302 303 308 312 314 326 327 338 340 348 349 357 385 387 391
383: 304 308 324 369 370 376 385
384: 301 303 311 319 332 346 348 352 377 386 390 399
385: 308 324 331 332 336 354 359 361 365 366 368 376 382 383 394 396 398
386: 302 315 321 332 335 338 344 346 371 384 392 399
387: 301 304 306 308 312 316 317 318 323 358 368 371 374 382 394
388: 341 345
389: 252 300 302 307 317 318 332 335 345 349 350 373 391 392 396
390: 308 313 320 324 341 348 355 359 372 384 396 397
391: 301 305 307 343 345 382 389 393 399
392: 327 333 335 349 353 361 380 381 386 389
393: 303 304 316 338 339 340 348 354 372 391
394: 316 328 332 340 353 355 373 377 385 387
395: 314 331 339 344 345 356 368 381 396 397
396: 303 332 336 338 353 357 371 378 385 389 390 395 399
397: 304 335 340 344 346 351 352 362 390 395
398: 305 309 344 345 362 365 378 385
399: 303 333 336 375 384 386 391 396
400: 409 424 425 427 429 436 443 446 457 463 474 479
401: 422 426 446 461 463 470 485
402: 406 407 422 425 441 452 453 463 470 472 475 476 491
403: 412 416 421 423 424 425 431 432 448 449 451 454 460 481 484 486 487
404: 408 419 431 433 434 436 443 444 446 447 451 457 469 473
405: 413 416 418 423 426 429 436 447 454 455 457 462 469 485
406: 402 446 456 468 470 493 496
407: 402 429 430 436 454 456 475
408: 404 436 453 454 461 471 478 496 499
409: 400 422 453 468 473 478 491
410: 421 426 432 435 455 464 471 476 498
411: 418 437 491 495
412: 403 419 437 445 453 465 485 498
413: 405 416 427 444 474 481 482 498
414: 422 427 428 430 440 458 464 482 486 490 491 496
415: 423 425 429 436 446 448 464 475 488 491
416: 403 405 413 420 430 445 448 472 477 478 479 480 482
417: 426 465 469
418: 405 411 422 423 435 438 442 450 461 467 471 482 484 491 493 497
419: 404 412 429 439 457
420: 416 429 448 467 471
421: 403 410 433 444 456 457 465 467
422: 401 402 409 414 418 424 445 454 458 466 473 478 483 487 495
423: 403 405 415 418 439 442 453 458 463 469 481 484 496
424: 400 403 422 426 440
425: 400 402 403 415 461 475 476
426: 401 405 410 417 424 460 461 468 469 470 478
427: 400 413 414 429 433 438 466 478 494 495
428: 414 429 440 449
429: 400 405 407 415 419 420 427 428 446 458 482 494
430: 407 414 416 433 437 447 448 450 455 458 466 467 471 479 499
431: 403 404 437 446 458 475 479 481 482 484
432: 403 410 455 485 487 499
433: 404 421 427 430 455 481 484 489 499
434: 404 435 445 462 478 488 493
435: 410 418 434 440 445 460 463 472 483
436: 400 404 405 407 408 415 441 445 477 495
437: 411 412 430 431 447 473 480
438: 418 427 440 441 478 481 491 494
439: 419 423 458 478
440: 414 424 428 435 438 451 457 466 467 479 488 554 780
441: 402 436 438 453 455 461 472 478 479 487 490 492 494
442: 418 423 448 459 469 485 494 499
443: 400 404 445 460 462 465 466 483 486 499
444: 404 413 421 459 471 472 482 493 494
445: 412 416 422 434 435 436 443 457 466 471 484
446: 400 401 404 406 415 429 431 448 458 474 477 478 497
447: 404 405 430 437 451 460 463 466 474 493
448: 403 415 416 420 430 442 446 466 468 490
449: 64 403 428 455
450: 418 430 471 490 499
451: 403 404 440 447 462 464 468 469
452: 402 472 481 488 492
453: 402 408 409 412 423 441 470 475 496
454: 403 405 407 408 422 468 489
455: 405 410 430 432 433 441 449 456 466 477 485
456: 406 407 421 455 468 475 494 498
457: 400 404 405 419 421 440 445 474 481 486 496 552
458: 414 422 423 429 430 431 439 446 484 495 496
459: 442 444 464 467 471 485 697
460: 403 426 435 443 447 469 494
461: 401 408 418 425 426 441 463 464 476 482
462: 405 434 443 451 473
463: 400 401 402 423 435 447 461
464: 410 414 415 451 459 461 473 478 495
465: 412 417 421 443 493
466: 422 427 430 440 443 445 447 448 455 474 481 484 486 499
467: 418 420 421 430 440 459 473 474 487 499 774
468: 406 409 426 448 451 454 456 472 480 481 484 497
469: 404 405 417 423 426 442 451 460 477 480 489 491
470: 401 402 406 426 453 473 494
471: 408 410 418 420 430 444 445 450 459 476 483
472: 402 416 435 441 444 452 468 475 482
473: 404 409 422 437 462 464 467 470
474: 400 413 446 447 457 466 467 479 480 491 493
475: 402 407 415 425 431 453 456 472 483 487 488 492 656
476: 402 410 425 461 471 479 494 499 978
477: 416 436 446 455 469 485 488 491
478: 408 409 416 422 426 427 434 438 439 441 446 464 480 488
479: 400 416 430 431 440 441 474 476 499
480: 416 437 468 469 474 478 485
481: 403 413 423 431 433 438 452 457 466 468 485
482: 413 414 416 418 429 431 444 461 472 483 490 497
483: 422 435 443 471 475 482 494
484: 403 418 423 431 433 445 458 466 468 489
485: 401 405 412 432 442 455 459 477 480 481 487 494
486: 403 414 443 457 466 493
487: 403 422 432 441 467 475 485
488: 71 415 434 440 452 475 477 478 490
489: 433 454 469 484 493 495
490: 414 441 448 450 482 488
491: 402 409 411 414 415 418 438 469 474 477 497
492: 441 452 475
493: 406 418 434 444 447 465 474 486 489
494: 427 429 438 441 442 444 456 460 470 476 483 485
495: 411 422 427 436 458 464 489 498
496: 406 408 414 423 453 457 458 682
497: 418 446 468 482 491 498
498: 410 412 413 456 495 497
499: 408 430 432 433 442 443 450 466 467 476 479
500: 501 504 507 524 532 540 551 553 560 568 580 591 596 599
501: 500 510 517 543 560 567 586 594
502: 503 514 515 535 538 553 598
503: 502 508 509 521 537 540 546 560 572 584
504: 500 518 525 529 540 542 555 556 572 591
505: 517 526 537 555 575 586
506: 515 517 523 534 552 572 573 589 593
507: 500 527 541 542 553 574 583
508: 503 515 527 538 566 569 572 574 586 591
509: 503 519 530 539 542 563 569 584 590 596
510: 501 523 526 544 577 582
511: 531 532 548 553 554 561 569 577 599
512: 518 524 556 579 591 592
513: 525 526 528 593
514: 502 522 533 543 546 547 549 559 563 592 595
515: 502 506 508 526 530 542 547 561 565 575 576 578 591
516: 535 540 541 556 563 565 587 591
517: 501 505 506 552 560 577 583 591 594
518: 504 512 522 530 551 562 565 580 585 595 599
519: 509 523 524 529 546 583 584 595
520: 529 531 537 542 547 578
521: 503 536 537 539 552 561 564 574 583
522: 514 518 525 541 548 553 562
523: 506 510 519 525 533 548 555 566 567 568 586
524: 500 512 519 527 531 536 542 544 547 575 580 581 594
525: 504 513 522 523 530 531 542 555 570 576 587 592 599
526: 505 510 513 515 539 542 549 556 563 576 581 591 593
527: 507 508 524 544 547 552 556 563 572 579 596
528: 513 529 532 547 550 553 576
529: 504 519 520 528 571 578 596 597
530: 509 515 518 525 538 548 549 564 585 586
531: 511 520 524 525 549 591
532: 500 511 528 538 545 548 589 599
533: 514 523 539 540 544 545 549 551 561 563 568 576 589 597 919
534: 506 538 552 554 557 576
535: 502 516 546 549 589 598
536: 521 524 541 565 570 580 588 594
537: 503 505 520 521 544 554 555 562 576 580 595
538: 502 508 530 532 534 555 583 588 607
539: 509 521 526 533 548 572 573 574 575 595
540: 500 503 504 516 533 577 579 580 588
541: 507 516 522 536 544 565 574 575 588 590
542: 504 507 509 515 520 524 525 526 545 546 567 573 576 578 595 597 599
543: 501 514 547 569 582 594
544: 510 524 527 533 537 541 554 561 567 581 589 597
545: 532 533 542 557 564
546: 503 514 519 535 542 549 559 592 593 596
547: 514 515 520 524 527 528 543 548 552 561 581 593
548: 511 522 523 530 532 539 547 553 573 581 584 588 592
549: 514 526 530 531 533 535 546 587 590 595
550: 528 584
551: 500 518 533 553 560 583 584 597
552: 457 506 517 521 527 534 547 567 578 585 594
553: 500 502 507 511 522 528 548 551 577 580
554: 440 511 534 537 544 581 584
555: 504 505 523 525 537 538 569 578 587 589
556: 504 512 516 526 527 558 570
557: 534 545 559 560 574 579 580 594
558: 556 570 578 580 595 857
559: 514 546 557 563 564
560: 500 501 503 517 551 557 569 589 598
561: 511 515 521 533 544 547
562: 518 522 537 568 635
563: 509 514 516 526 527 533 559 574 581 598
564: 521 530 545 559 570 578 587 594
565: 515 516 518 536 541 578 581 595 599
566: 508 523 573 576 599
567: 501 523 542 544 552 572 573
568: 500 523 533 562 569 579 591
569: 508 509 511 543 555 560 568 571 582 595
570: 525 536 556 558 564 577 583 586 594 595 660
571: 529 569 583
572: 503 504 506 508 527 539 567 574 581
573: 506 539 542 548 566 567 576 586 588 596 599
574: 507 508 521 539 541 557 563 572 583 589
575: 505 515 524 539 541 576 585 589 599
576: 515 525 526 528 533 534 537 542 566 573 575 588 589 595 597
577: 510 511 517 540 553 570 584
578: 515 520 529 542 552 555 558 564 565 581
579: 512 527 540 557 568 583 588 591 592
580: 500 518 524 536 537 540 553 557 558 584 589 596
581: 524 526 544 547 548 554 563 565 572 578 583
582: 510 543 569 596
583: 507 517 519 521 538 551 570 571 574 579 581 587 594
584: 503 509 519 548 550 551 554 577 580 585
585: 518 530 552 575 584 586 589
586: 501 505 508 523 530 570 573 585 589 594 596 598
587: 516 525 549 555 564 583 588 594 596
588: 536 538 540 541 548 573 576 579 587 598
589: 506 532 533 535 544 555 560 574 575 576 580 585 586
590: 509 541 549 598
591: 500 504 508 512 515 516 517 526 531 568 579
592: 512 514 525 546 548 579 599 778
593: 506 513 526 546 547 596
594: 501 517 524 536 543 552 557 564 570 583 586 587
595: 61 514 518 519 537 539 542 549 558 565 569 570 576
596: 500 509 527 529 546 573 580 582 586 587 593 597
597: 529 533 542 544 551 576 596
598: 502 535 560 563 586 588 590
599: 500 511 518 525 532 542 565 566 573 575 592
600: 605 644 648 658 675 684
601: 608 620 630 633 645 649 659 674 678 689
602: 603 611 620 627 637 649 655 693 699
603: 602 607 632 636 643 649 665 670 687 689
604: 633 635 642 649 662 690 696
605: 600 612 640 653 657 662 666 678
606: 609 611 615 621 628 629 633 643 657 659 660 663 667 686 689 695 696
607: 538 603 609 617 620 639 645 661 663 670 673
608: 601 613 626 637 640 659 663 678 691
609: 606 607 619 624 630 649 665 674 681 685 693 694
610: 614 619 638 647 652 655 666 667 670 695 696 699
611: 602 606 614 635 664 680 692
612: 605 617 621 622 635 652 662 672 682 689
613: 608 645 653 667 671 672 695
614: 610 611 649 661 673 678 686 692
615: 606 624 629 648 658 676 873
616: 620 623 633 639 641 646 647 652 654 676 682 688 690 695 698
617: 607 612 621 634 640 642 643 678 684 686 687 698
618: 621 623 634 652 656 676 680 684 687 689 695 696 697
619: 609 610 625 630 636 649 653 671 674 686 698
620: 601 602 607 616 628 634 637 642 644 648 652 676 681 685
621: 606 612 617 618 626 655 665 667 681 692 694 697
622: 612 634 650 676 681
623: 4 289 616 618 640 641 642 671 690 695
624: 609 615 656 657 660 661 664 684 690 694
625: 619 628 640 645 652 656 675 679
626: 608 621 627 643 654 656 661 674 678 680 687 694
627: 602 626 651 681 691 695 696
628: 606 620 625 632 635 647 648 657 673 679 680 681 682 686
629: 606 615 639 644 659 664 665 699
630: 601 609 619 653 665 681 692 693
631: 633 658 663 680 681 696
632: 603 628 657 672 675 687 691 698
633: 373 601 604 606 616 631 652 656 662 678 679
634: 617 618 620 622 650 653 670
635: 562 604 611 612 628 645 648 665 666 677 678 689 691 698
636: 603 619 645 647 648 677 683 684
637: 602 608 620 644 652 655 657 670 677 699
638: 610 640 650 652 656 661 688 691
639: 607 616 629 641 650 657 662 675 685 691 692
640: 605 608 617 623 625 638 653 667 680 697
641: 616 623 639 654
642: 604 617 620 623 654 663 690
643: 603 606 617 626 651 654 660 662 664 668 670 675
644: 600 620 629 637 661 665 684 685 690
645: 601 607 613 625 635 636 647 668 673 679 695
646: 616 651 652 670 672 678 683 689 690
647: 610 616 628 636 645 654 669 674 681 687
648: 600 615 620 628 635 636 657 674 681 688 689 694
649: 601 602 603 604 609 614 619 651 682 698
650: 255 622 634 638 639 687 693
651: 627 643 646 649 652 660 667 680 685 687
652: 610 612 616 618 620 625 633 637 638 646 651 654 658 660 661 663 680 684 692 695
653: 605 613 619 630 634 640 654 664 670 680 681
654: 616 626 641 642 643 647 652 653 655 666 694
655: 602 610 621 637 654 662 672 680 682 686
656: 475 618 624 625 626 633 638 663 687
657: 605 606 624 628 632 637 639 648 668 678 680 689 690 694 699
658: 600 615 631 652 661 664 676 678
659: 601 606 608 629 680 690 691
660: 570 606 624 643 651 652 661 670
661: 607 614 624 626 638 644 652 658 660 662 693 698
662: 604 605 612 633 639 643 655 661 666 673 682 687
663: 606 607 608 631 642 652 656 671 682 699
664: 611 624 629 643 653 658 666 668 678 681
665: 603 609 621 629 630 635 644 669 670 682 698 699
666: 605 610 635 654 662 664 668 669 682 685
667: 606 610 613 621 640 651 672 675 676 697
668: 643 645 657 664 666 685
669: 647 665 666 677 685
670: 603 607 610 634 637 643 646 653 660 665 681 687 698
671: 613 619 623 663 698 699
672: 612 613 632 646 655 667 688 690
673: 607 614 628 645 662 674
674: 601 609 619 626 647 648 673 675 686
675: 600 625 632 639 643 667 674 684 694
676: 615 616 618 620 622 658 667 687
677: 635 636 637 669 678
678: 601 605 608 614 617 626 633 635 646 657 658 664 677 693 695 696
679: 625 628 633 645 686
680: 611 618 626 628 631 640 651 652 653 655 657 659
681: 609 620 621 622 627 628 630 631 647 648 653 664 670 685 690
682: 496 612 616 628 649 655 662 663 665 666 697
683: 26 636 646 686 687 691 697
684: 600 617 618 624 636 644 652 675
685: 609 620 639 644 651 666 668 669 681
686: 606 614 617 619 628 655 674 679 683 698
687: 603 617 618 626 632 647 650 651 656 662 670 676 683
688: 616 638 648 672 696
689: 601 603 606 612 618 635 646 648 657 691 696
690: 115 604 616 623 624 642 644 646 657 659 672 681 697
691: 608 627 632 635 638 639 659 683 689 694
692: 611 614 621 630 639 652 697
693: 602 609 630 650 661 678
694: 609 621 624 626 648 654 657 675 691
695: 606 610 613 616 618 623 627 645 652 678
696: 604 606 610 618 627 631 678 688 689 699
697: 459 618 621 640 667 682 683 690 692
698: 616 617 619 632 635 649 661 665 670 671 686
699: 602 610 629 637 657 663 665 671 696
700: 710 711 730 739 740 749 750 758 761 772 778 786 787 794 796 797
701: 705 713 731 738 742 745 755 762 777 781 786 794
702: 718 722 736 740 775 797
703: 711 727 766 771
704: 746 749 773 790
705: 701 717 738 755 766 792 794
706: 714 727 768 781 793 794
707: 722 723 724 735 740 755 756 762 792 793
708: 737 746 756 765 766 771 792
709: 711 715 723 739 750 770 786 794
710: 700 716 722 741 755 768 786 788
711: 56 700 703 709 713 723 734 741 749 774
712: 724 726 730 736 738 740 777 780 799
713: 701 711 714 718 735 759 765 782 786 792
714: 706 713 717 719 721 730 738 739 743 744 778 780 786 789 792
715: 709 722 731 738 743 745 747 748 762 764 769 772 774 789
716: 710 731 732 740 747 765 769 786 795
717: 705 714 718 721 723 725 728 743 757 759 771 780
718: 702 713 717 726 728 737 754
719: 714 728 735 738 740 752 753 767 786 793 794 795 796
720: 722 741 742 768 769 775 790 799
721: 714 717 740 743 757 792
722: 702 707 710 715 720 731 746 747 748 765 774 792
723: 707 709 711 717 726 741 748 750 751 752 761 770 772 778 779 789
724: 707 712 729 736 749 765 789
725: 717 727 741 751 766
726: 712 718 723 745 761 784 792
727: 703 706 725 728 729 732 739 743 754 766 771 775 778 797
728: 717 718 719 727 730 751 770 781 785
729: 724 727 737 740 749 763 778
730: 700 712 714 728 736 739 759 765 769
731: 701 715 716 722 739 748 755 780
732: 716 727 736 771 772 791
733: 744 750 765 799
734: 711 735 745 751 766 770 782 794
735: 707 713 719 734 743 756 781 788 791
736: 702 712 724 730 732 760 761 762 765 796
737: 78 708 718 729 750 756 781 782 783
738: 160 701 705 712 714 715 719 746 752 756 765 774 785
739: 700 709 714 727 730 731 742 744 754 755 756 760 769 779 781 795
740: 700 702 707 712 716 719 721 729 741 742 744 753 764 767 777 785 789 795
741: 710 711 720 723 725 740 755 767 784 786 787 788
742: 701 720 739 740 756 760 762 765 769 773 787 979
743: 714 715 717 721 727 735 744 753 782 785 791 793
744: 714 733 739 740 743 747 785 796
745: 701 715 726 734 769 779 795 799
746: 704 708 722 738 748 756 764
747: 715 716 722 744 768 793 794
748: 715 722 723 731 746 755 762 773 786 799
749: 700 704 711 724 729 750 752 766 773 776 779 794 795 798
750: 700 709 723 733 737 749 751 766 796
751: 723 725 728 734 750 752 757 761 767 780 787 793
752: 719 723 738 749 751 772
753: 719 740 743 769 785 790 795 797 971
754: 718 727 739 759 766 782 797 798
755: 701 705 707 710 731 739 741 748 778 785 792 798
756: 707 708 735 737 738 739 742 746 770 785 792 796
757: 717 721 751 759 771 777 783 790
758: 700 771 780 781 797
759: 713 717 730 754 757 769 770 771 779 780 782 798
760: 736 739 742 761 774 780
761: 700 723 726 736 751 760 763 765 771 782
762: 701 707 715 736 742 748 769 783 796
763: 729 761
764: 715 740 746 769 770 774 779 781 791
765: 708 713 716 722 724 730 733 736 738 742 761 790 791
766: 703 705 708 725 727 734 749 750 754 770 789 793 796
767: 719 740 741 751 771 785 786 794 798
768: 706 710 720 747 779 781 792 795
769: 715 716 720 730 739 742 745 753 759 762 764 774 784 799
770: 709 723 728 734 756 759 764 766 778 785 786 793
771: 703 708 717 727 732 757 758 759 761 767 776 779 791
772: 700 715 723 732 752 791
773: 704 742 748 749 775 776 781 786 794
774: 467 711 715 722 738 760 764 769 784 794
775: 702 720 727 773 790
776: 749 771 773 778 785 791 795 799
777: 701 712 740 757 778 784 785
778: 592 700 714 723 727 729 755 770 776 777 788 792 796
779: 723 739 745 749 759 764 768 771
780: 440 712 714 717 731 751 758 759 760 783 788 792
781: 701 706 728 735 737 739 758 764 768 773 787 789 795
782: 713 734 737 743 754 759 761 789
783: 737 757 762 780 787 789 790 795 796
784: 726 741 769 774 777 794 797
785: 728 738 740 743 744 753 755 756 767 770 776 777 795 796
786: 700 701 709 710 713 714 716 719 741 748 767 770 773 791
787: 700 741 742 751 781 783 796
788: 710 735 741 778 780 790 791 794
789: 714 715 723 724 740 766 781 782 783 790
790: 704 720 753 757 765 775 783 788 789
791: 732 735 743 764 765 771 772 776 786 788 797
792: 705 707 708 713 714 721 722 726 755 756 768 778 780
793: 47 706 707 719 743 747 751 766 770
794: 337 700 701 705 706 709 719 734 747 749 767 773 774 784 788
795: 716 719 739 740 745 749 753 768 776 781 783 785
796: 700 719 736 744 750 756 762 766 778 783 785 787 798
797: 700 702 727 753 754 758 784 791
798: 749 754 755 759 767 796
799: 712 720 733 745 748 769 776
800: 804 807 820 821 825 829 868 887 890
801: 812 813 820 834 843 862 866 868 881
802: 812 822 825 846 848 873 877 894 898 899
803: 806 811 813 831 835 866 878 887 897 899
804: 800 806 807 828 840 841 846 847 848 850 861 867 872 876 883 890
805: 810 812 814 856 859 878 895
806: 803 804 809 813 837 849 851 853 883 896
807: 361 800 804 810 815 826 835 837 852 861 865 868 870 871 872 894
808: 847 851 858 867 896
809: 806 819 821 827 828 834 837 845 856 860 878 888
810: 805 807 820 843 852 855 860 883 893
811: 803 812 817 825 831 840 847 849 852 867 868 873 889
812: 801 802 805 811 821 826 833 858 862
813: 801 803 806 820 821 829 835 836 839 840 852 854
814: 805 816 821 830 856 860 861 879 881 882 892 895
815: 288 807 826 862 867 872 894
816: 814 832 837 851 867 876
817: 811 830 835 855 865
818: 292 826 831 856 886
819: 809 820 849 883 888
820: 800 801 810 813 819 827 829 839 840 855 858 867 872 882 886 894
821: 800 809 812 813 814 826 834 835 842 845 858 878 883
822: 802 826 830 832 838 850 854 855 866 883 894 896
823: 849 858 860 870 875 878 891 895 898
824: 826 827 828 829 832 833 837 842 853 862 871 877 880 893
825: 800 802 811 828 853 861 868 874 892
826: 807 812 815 818 821 822 824 828 832 835 857 863 865 868 884 890
827: 809 820 824 835 840 845 852 857 875 880 888 893
828: 804 809 824 825 826 849 851 861 862 877 895
829: 800 813 820 824 851 860
830: 814 817 822 836 845 853 858 873 896 898
831: 803 811 818 854 858 881 884 888
832: 816 822 824 826 867 872 875 876 880 885 891
833: 812 824 835 841 868 869 875 892 895
834: 801 809 821 840 842 856 860 861 880 885
835: 803 807 813 817 821 826 827 833 838 839 869
836: 813 830 872 885 886 890
837: 806 807 809 816 824 853 862 865 882 892
838: 822 835 856 872
839: 813 820 835 844 849 855 856 875 879 880 893
840: 804 811 813 820 827 834 865 871 879
841: 804 833 846 855 861 872 876 882 883
842: 821 824 834 844 856 871
843: 801 810 857 896
844: 839 842 862 873 883 886 893
845: 809 821 827 830 853 879 891
846: 802 804 841 860 861 880 881 884 885 896
847: 804 808 811 851 857 864 879 887 898
848: 802 804 854 886 895
849: 806 811 819 823 828 839 855 865 866 867 884 886
850: 804 822 851 873 883 890
851: 806 808 816 828 829 847 850 852 876 883 885 891 893 899
852: 807 810 811 813 827 851 874 880 882 889 894
853: 806 824 825 830 837 845 857 866 870 882
854: 813 822 831 848 865 866 874 877 878 880 886
855: 237 810 817 820 822 839 841 849 865 877
856: 805 809 814 818 834 838 839 842 862 868 878 882 896
857: 558 826 827 843 847 853 859 867 877 878 879 891 898
858: 808 812 820 821 823 830 831 866
859: 805 857 862 864 870 876 878 889 891
860: 809 810 814 823 829 834 846 869 872 874 882 886
861: 804 807 814 825 828 834 841 846 875 881 894
862: 801 812 815 824 828 837 844 856 859 872 881 895 899
863: 826 864 899
864: 847 859 863 867 872 881 889
865: 807 817 826 837 840 849 854 855 885 892 893 897 899
866: 801 803 822 849 853 854 858 887
867: 804 808 811 815 816 820 832 849 857 864 879 882 883 889 893 897
868: 800 801 807 811 825 826 833 856 871 877 883 886 892 895
869: 833 835 860 871 892
870: 807 823 853 859 883 897
871: 225 807 824 840 842 868 869 873 888 891
872: 804 807 815 820 832 836 838 841 860 862 864 877 888 890
873: 615 802 811 830 844 850 871 894
874: 825 852 854 860 886
875: 823 827 832 833 839 861 876 895 896
876: 804 816 832 841 851 859 875 880 882 896
877: 802 824 828 854 855 857 868 872 879 894
878: 803 805 809 821 823 854 856 857 859 879 887
879: 814 839 840 845 847 857 867 877 878
880: 824 827 832 834 839 846 852 854 876 881 884 886 892 893 896
881: 801 814 831 846 861 862 864 880 884 891
882: 814 820 837 841 852 853 856 860 867 876 885 886 888 897
883: 804 806 810 819 821 822 841 844 850 851 867 868 870 899
884: 826 831 846 849 880 881 890 891 892
885: 832 834 836 846 851 865 882 888 889 895
886: 818 820 836 844 848 849 854 860 868 874 880 882 887 890
887: 800 803 847 866 878 886
888: 809 819 827 831 871 872 882 885
889: 811 852 859 864 867 885
890: 800 804 826 836 850 872 884 886 894
891: 823 832 845 851 857 859 871 881 884 897
892: 814 825 833 837 865 868 869 880 884 893 897 899
893: 810 824 827 839 844 851 865 867 880 892
894: 802 807 815 820 822 852 861 873 877 890
895: 805 814 823 828 833 848 862 868 875 885
896: 806 808 822 830 843 846 856 875 876 880 898
897: 803 865 867 870 882 891 892
898: 802 823 830 847 857 896 927
899: 802 803 851 862 863 865 883 892
900: 902 910 928 947 972 981 995 998
901: 904 910 916 926 938 939 941 954 965 969 974 977 989
902: 900 909 913 922 927 931 946 947 976 977 981 989 998
903: 910 930 955 957 961 975 984 985 991
904: 901 921 942 957 959 971 973 992 993
905: 948 957 958 962 964 973 978
906: 907 914 938 944 945 950 954 970 984 987
907: 906 914 921 923 924 941 948 953 979 988
908: 913 925 934 935 944 954 957 974 987 996 998
909: 902 910 914 932 938 942 944 969 970 978 980 981 982 983 986 987 996
910: 900 901 903 909 915 916 917 919 931 962 972 997
911: 919 935 950 954 960 976 985 987 989
912: 913 916 922 941 944 953 974 977
913: 902 908 912 924 931 932 935 936 943 954 964 970 975 977
914: 906 907 909 922 932 937 956 984 994 999
915: 910 924 927 965 975 977 985 999
916: 901 910 912 949 951 953 954 993
917: 910 919 925 928 940 982 993 998 999
918: 940 946 972 981 991
919: 533 910 911 917 927 946 957 980 981 995 996
920: 929 939 949 953 964 966 973 974 975 995 998
921: 904 907 923 924 928 940 944 948 954 960 967 968 977 983
922: 902 912 914 925 926 930 937 946 949 954 957 974 998
923: 907 921 930 934 945 955 959 982 985 987 988 999
924: 907 913 915 921 925 931 946 959 975
925: 908 917 922 924 951 970 982 989
926: 901 922 937 940 962 963 964 966 977 986 990 994
927: 898 902 915 919 929 936 944 954 955 961 963
928: 900 917 921 935 936 954 984 988 993
929: 920 927 935 937 943 944 946 949 950 957 977 983 987 990 992
930: 903 922 923 970 974 980 988
931: 902 910 913 924 949 951 954 961 984 985 990
932: 909 913 914 949 965 969 970 971 978 979 997
933: 936 940 964 974 983 986 992
934: 908 923 936 942 946 959 964 968 982 992
935: 908 911 913 928 929 950 951 956 960 962 963 969 987
936: 913 927 928 933 934 941 971 983 991 997
937: 914 922 926 929 938 947 961 963 966 970 973 974 979 987 988 989 996
938: 901 906 909 937 942 944 948 953 958 960 964 966 969 996
939: 901 920 942 949 960 965 979 991
940: 917 918 921 926 933 966 985
941: 901 907 912 936 950 958 961 962 991
942: 904 909 934 938 939 947 955 961 973 975 977 979 992 993 996
943: 913 929 954 956 963 968 985 997 999
944: 906 908 909 912 921 927 929 938 953 959 965 983
945: 906 923 950 963 974 977 980 994 997
946: 902 918 919 922 924 929 934 953 964 970 974 976 977 980 996
947: 900 902 937 942 950 953 957 960 963 974 994 996
948: 328 905 907 921 938 955 967 979 983 988
949: 916 920 922 929 931 932 939 952 953 961 963 984 993
950: 906 911 929 935 941 945 947 951 955 966
951: 916 925 931 935 950 963 971 978 991
952: 949 964 984 999
953: 907 912 916 920 938 944 946 947 949 955 964 978 985 995 996
954: 901 906 908 911 913 916 921 922 927 928 931 943 957 976 979 985 996 997
955: 903 923 927 942 948 950 953 957 971 972 974 979 981 998
956: 914 935 943 969 981 982
957: 903 904 905 908 919 922 929 947 954 955 965 971 973 988
958: 905 938 941 966 970 972 975 976 980 986 989
959: 904 923 924 934 944 974 987 995
960: 911 921 935 938 939 947 969 970 985 988 998 999
961: 903 927 931 937 941 942 949 965 970 976 981 991
962: 905 910 926 935 941 977 980 982 997
963: 926 927 935 937 943 945 947 949 951 971 974 978 981 985
964: 905 913 920 926 933 934 938 946 952 953 976 982 983
965: 901 915 932 939 944 957 961 978 983 988 990 992
966: 920 926 937 938 940 950 958 988 996 997
967: 921 948 968 972 992 998
968: 921 934 943 967 972 974 986 991 999
969: 901 909 932 935 938 956 960 973 981 987 995
970: 906 909 913 925 930 932 937 946 958 960 961 974 977 989 990 993 996 999
971: 753 904 932 936 951 955 957 963
972: 900 910 918 955 958 967 968 978 979 983 995 997
973: 904 905 920 937 942 957 969 977 999
974: 901 908 912 920 922 930 933 937 945 946 947 955 959 963 968 970 987 988 995 997
975: 903 913 915 920 924 942 958 998
976: 902 911 946 954 958 961 964 984 985 990 991
977: 901 902 912 913 915 921 926 929 942 945 946 962 970 973 981
978: 476 905 909 932 951 953 963 965 972 990 996
979: 742 907 932 937 939 942 948 954 955 972 988 992 997
980: 909 919 930 945 946 958 962
981: 900 902 909 918 919 955 956 961 963 969 977 990
982: 909 917 923 925 934 956 962 964 989
983: 909 921 929 933 936 944 948 964 965 972 989
984: 903 906 914 928 931 949 952 976 987 999
985: 903 911 915 923 931 940 943 953 954 960 963 976 990 991 999
986: 909 926 933 958 968 989
987: 906 908 909 911 923 929 935 937 959 969 974 984 992
988: 907 923 928 930 937 948 957 960 965 966 974 979
989: 901 902 911 925 937 958 970 982 983 986
990: 926 929 931 965 970 976 978 981 985 997
991: 903 918 936 939 941 951 961 968 976 985
992: 904 929 933 934 942 965 967 979 987
993: 904 916 917 928 942 949 970 998 999
994: 914 926 945 947 998
995: 900 919 920 953 959 969 972 974
996: 908 909 919 937 938 942 946 947 953 954 966 970 978
997: 910 932 936 943 945 954 962 966 972 974 979 990 999
998: 900 902 908 917 920 922 955 960 967 975 993 994
999: 914 915 917 923 943 952 960 968 970 973 984 985 993 997
