0: 39 174 241 419 441 442 484 558 564 583 607 612 616 639 644 905 932 956 963
1: 90 120 177 206 231 267 363 465 537 588 643 669 717 732 859 868 876 886 970
2: 29 58 243 248 336 354 606 664 674 743 759 856 916
3: 22 67 99 195 198 224 259 324 353 416 495 507 575 581 586 601 616 635 644 651 656 699 700 737 759 807 902 949
4: 11 46 134 138 157 235 337 398 400 442 533 627 651 782 797 817 930 973
5: 30 40 169 173 205 227 239 308 317 510 616 644 669 696 703 906 991
6: 19 23 59 128 131 174 195 200 206 364 379 473 595 631 761 810 842 851
7: 21 111 116 407 498 499 529 681 780 848 887 983
8: 44 111 129 139 184 261 287 290 297 335 346 457 468 483 522 573 597 601 626 718 729 754 776 876 939 942 963
9: 18 36 71 168 194 379 520 600 605 621 648 660 710 766 787 813 868 910 996
10: 81 147 170 325 398 456 504 559 633 658 671 696 770 868 953
11: 4 34 70 103 233 282 298 301 304 334 346 389 434 452 483 486 571 663 677 721 722 781 847 899 944
12: 36 368 377 504 561 634 646 668 800 837 859 990
13: 48 51 94 118 237 259 328 360 375 413 442 484 524 558 583 588 660 726 734 780 838 868 879 920 921 958
14: 73 124 158 176 227 228 247 248 306 354 358 425 463 500 509 512 533 615 618 656 849 856 920 952 997
15: 60 83 102 162 191 217 305 369 445 538 544 546 582 586 671 690 709 753 756 805 916 920 921 935 949 952
16: 48 169 179 192 196 239 306 317 352 358 363 556 581 614 639 698 780 911 913 971 982
17: 26 69 81 205 264 271 348 371 402 460 462 476 483 521 635 902 913 921 962 987
18: 9 81 88 100 103 110 159 183 232 237 326 370 386 388 389 465 545 546 664 667 700 703 704 760 804 931
19: 6 140 174 298 308 324 408 496 545 568 593 793 816 823 849 931 971
20: 84 149 238 266 323 326 575 611 649 765 776 811 973
21: 7 159 344 350 434 478 532 536 598 669 823 836 870 976
22: 3 129 206 351 372 412 448 495 697 717 807 857 880 897 910
23: 6 50 214 226 251 383 393 411 480 491 538 574 801 937
24: 55 140 151 166 293 333 401 454 509 511 568 585 677 716 770 786 860 887
25: 80 81 145 327 493 590 614 618 639 699 772 773 880 912 957
26: 17 111 136 209 370 378 403 412 414 436 452 463 649 704 725 743 806 862
27: 37 66 101 137 162 254 274 303 577 606 642 652 658 674 687 765 778 900 928 951 963
28: 56 270 271 329 342 423 453 476 523 618 743 764 766 771 781 784 805 813 818 912 980
29: 2 43 71 102 136 139 160 199 221 295 367 430 440 455 601 651 694 705 893 945
30: 5 57 77 185 191 460 682 775 787 805 831 948
31: 64 120 207 264 270 310 317 323 384 390 395 478 591 600 618 676 706 747 841 858 927 935 940 950 981
32: 85 88 95 129 150 151 213 240 243 332 486 489 544 569 645 705 738 800 803 832 901 965 997
33: 133 213 214 225 332 486 559 575 593 653 741 758 769 929
34: 11 138 192 230 262 289 313 386 472 490 497 585 644 700 772 855 873 984
35: 60 82 126 263 326 475 477 504 565 671 747 750 873 947
36: 9 12 90 97 133 136 145 199 248 362 376 426 449 544 545 571 732 760 886 889
37: 27 78 212 317 415 490 546 637 640 689 797 872 933 941 998
38: 52 186 191 194 323 335 422 517 579 651 666 703 736 761 765 784 789 851 937 982
39: 0 108 279 495 511 537 544 607 608 611 740 804 839 842 868 876 925 943
40: 5 79 140 207 320 399 473 479 511 540 585 592 614 624 755 796 805 835 945 960
41: 47 62 157 289 292 310 347 351 412 450 538 631 687 696 712 788 863 877 879 892 930
42: 73 132 135 158 168 234 280 355 376 425 501 502 628 629 692 706 793 795 807 910 929 984
43: 29 53 54 158 175 191 245 398 448 490 507 515 560 580 643 751 809 833 909 932
44: 8 48 126 131 154 218 229 302 401 416 448 473 511 564 613 692 704 736 747 799 837 849 881 916 928 955
45: 79 142 172 210 259 348 376 465 514 616 761 834 901 904
46: 4 71 149 155 205 213 254 282 291 397 586 625 664 779 790 963
47: 41 119 189 209 230 278 361 407 409 481 498 499 556 671 738 808 811 885
48: 13 16 44 54 107 146 160 169 215 230 267 304 305 307 374 401 603 646 651 695 752 858 978 989
49: 64 69 75 120 178 204 232 323 358 398 430 442 466 579 711 734 784 828 920 944 988
50: 23 83 237 268 271 373 388 441 471 546 554 585 620 672 685 690 756 833 905 908 910 987
51: 13 121 124 212 216 226 229 261 422 470 476 510 570 594 640 659 704 725 843 869 903 976 992
52: 38 102 117 230 235 244 321 333 407 447 500 585 591 665 679 708 757 786 792 839 874 998
53: 43 382 403 418 449 472 621 687 697 806 850 884 895 953
54: 43 48 95 136 172 206 227 230 342 406 410 525 535 562 582 648 664 670 684 744 758 782 858 862 908 954 994
55: 24 88 138 147 159 235 365 371 415 453 487 626 699 716 824 826 870 912
56: 28 95 101 149 195 224 256 324 333 518 520 556 578 590 695 701 854 938
57: 30 84 143 148 168 258 319 362 388 395 397 443 453 456 489 531 608 611 684 724 743 874
58: 2 59 90 115 124 136 167 183 263 312 322 387 568 601 661 689 741 913 934 965 992
59: 6 58 205 470 520 537 614 629 650 651 664 671 710 782 796 797 813 822 841 849 910 932
60: 15 35 187 203 208 257 292 296 320 351 384 524 546 591 766 768 774 796 851 908 961
61: 85 110 297 338 348 350 384 467 472 484 486 576 623 631 645 743 745 759 765 785 851 900 924 927 958 966
62: 41 67 93 109 314 382 408 449 517 519 530 561 589 614 633 668 737 824 883 884
63: 176 196 225 250 287 294 322 355 401 423 501 504 505 562 596 598 664 755 816 829 960 974
64: 31 49 90 99 105 120 150 190 204 232 274 321 368 423 515 528 557 712 805 882 939
65: 80 106 154 171 238 269 337 419 466 550 621 643 659 683 755 773 844 869 880 931 991
66: 27 93 207 249 316 334 394 512 522 625 629 654 757 883 895 896 932
67: 3 62 146 199 284 297 419 498 534 546 553 645 685 702 838 896 910 979
68: 69 70 100 118 125 210 218 220 248 288 444 456 460 498 592 656 667 794 998
69: 17 49 68 86 114 129 166 167 173 177 247 261 274 294 486 487 578 604 654 686 706 721 830 845 902 942
70: 11 68 76 124 183 252 267 317 322 342 448 484 528 529 579 585 604 667 673 791 808 854 940 983 986
71: 9 29 46 83 109 125 143 168 169 194 223 230 233 300 392 484 536 609 622 666 725 836 869 917 994 995
72: 155 167 183 192 238 254 334 398 542 574 711 836 947 953
73: 14 42 137 274 278 283 420 440 455 494 504 555 668 706 855 858 909
74: 139 140 143 227 300 482 489 540 587 589 606 645 717 723 743 877 945 985
75: 49 199 226 391 417 477 606 673 837 868 878 912 977 981
76: 70 143 144 207 277 289 294 334 406 473 561 601 608 644 664 829 856
77: 30 226 243 344 441 472 619 647 666 733 740 774 890
78: 37 107 111 116 145 154 178 202 467 487 562 593 641 748 869 959 991 996
79: 40 45 126 129 179 230 339 359 445 503 522 548 572 580 600 718 737 745 800 805 839 855 894 945 947 950 951
80: 25 65 171 197 216 333 492 532 592 663 712 767 784 789 795 947 980
81: 10 17 18 25 94 118 184 203 211 262 291 470 509 586 660 846 850
82: 35 126 128 217 235 256 263 278 352 374 436 512 669 748 842 956 960 975
83: 15 50 71 158 186 236 276 277 331 350 387 508 510 517 586 646 670 672 766 770 803 863 865
84: 20 57 103 189 204 293 357 385 419 426 454 480 527
85: 32 61 167 169 320 436 499 504 623 628 662 715 739 771 899 980 988
86: 69 143 200 261 323 388 416 450 478 495 505 511 542 558 566 608 621 727 769 786 794 870 909
87: 201 238 286 321 342 474 537 600 631 805 829 837 879 895 999
88: 18 32 55 92 103 206 300 349 423 430 520 676 689 729 783 856 903 933 947 950 955 975
89: 111 134 177 233 248 279 323 327 385 394 403 489 606 632 676 703 725 768 797 801 893 975
90: 1 36 58 64 146 290 384 474 488 574 618 659 697 840 845 873
91: 104 162 191 378 383 397 510 572 589 602 616 626 672 673 689 716 790 954 984
92: 88 130 191 199 229 302 334 367 408 417 423 495 509 520 636 784 807 840 896 958
93: 62 66 183 241 262 366 515 547 549 701 718 733 867 892 977
94: 13 81 288 307 394 402 407 494 555 566 590 617 683 701 702 719 771 795 806 882 901 944 991
95: 32 54 56 107 135 148 195 259 284 371 530 535 563 570 672 700 712 749 799 847 880 885 910 923
96: 134 153 261 484 558 566 606 661 680 762 918 970
97: 36 125 128 136 150 153 178 244 286 324 341 345 367 388 550 558 575 577 661 700 702 738 761 997
98: 129 233 303 457 490 502 590 598 750 810 838 877 887 942 951 963 973 999
99: 3 64 114 156 240 283 348 354 365 413 489 490 607 609 664 674 681 761 781 924 941
100: 18 68 172 179 183 208 344 400 410 538 563 566 618 643 653 885 914
101: 27 56 176 319 337 349 379 394 396 401 418 494 507 661 714 717 824 974 981
102: 15 29 52 148 171 199 228 321 325 343 395 437 536 541 582 643 659 779 801 903 929 936 940 942 967
103: 11 18 84 88 120 184 410 458 459 471 557 614 647 708 731 747 796 846 876 877 978
104: 91 128 141 200 237 256 274 277 279 319 391 410 424 431 474 525 597 631 634 683 688 693 743 781 841 918 950 973 975 993
105: 64 117 198 216 365 458 500 722 733 752 810 881 964 965
106: 65 109 167 259 400 409 590 602 607 648 656 804 849 864 890 944 988 996
107: 48 78 95 115 124 138 174 185 193 203 254 275 301 334 389 407 440 516 596 728 806 839 893 894 918 976
108: 39 109 128 162 220 385 596 675 819 893 969 987
109: 62 71 106 108 153 154 343 361 384 414 437 637 673 689 694 753 784 785 790 925 960
110: 18 61 117 301 392 399 547 573 621 681 690 711 758 779 831 842 886 891 898 939 969
111: 7 8 26 78 89 116 157 163 167 184 234 395 411 417 486 569 682 705 729 784 859 925
112: 185 197 261 266 281 283 386 433 457 458 478 622 640 793 850 879 881 953
113: 189 245 344 439 495 571 698 758 767 967
114: 69 99 142 413 417 458 477 496 567 616 654 682 856 905 910 957
115: 58 107 168 317 343 346 350 405 407 426 492 624 694 701 728 946 972 981
116: 7 78 111 139 141 142 166 237 341 346 347 374 409 425 441 456 537 622 639 670 693 783 894 900 917 945 963 964
117: 52 105 110 154 155 211 214 228 231 301 349 385 459 509 520 549 556 595 645 653 779 827 828 969
118: 13 68 81 143 164 220 228 444 450 547 629 692 770 841 900 907 943 945 981 996
119: 47 143 149 202 227 236 290 307 323 372 403 438 544 576 623 665 805 830 907 938 968
120: 1 31 49 64 103 123 134 135 265 275 440 467 712 722 730 748 764 784 794 837 847 866 942
121: 51 154 173 190 195 252 287 318 324 527 552 595 653 655 758 760 792 799 828 872 875 885 944 965 976
122: 130 306 323 394 400 409 498 521 683 694 700 734 766 767 822 832 855 859 874 970
123: 120 216 300 352 370 371 377 399 409 420 476 555 593 619 660 723 738 762 765 788 846 863 894
124: 14 51 58 70 107 128 133 144 203 209 229 235 278 307 317 364 392 495 522 528 574 595 613 622 697 737 751 780 836 958 967
125: 68 71 97 240 278 304 330 343 381 524 601 657 676 717 755 868 922 985
126: 35 44 79 82 146 194 209 223 307 459 472 519 525 578 615 658 725 762 787 839 878 881 885 921 953
127: 184 222 295 333 453 464 497 509 513 537 662 682 889 890 914 971
128: 6 82 97 104 108 124 132 216 271 275 322 356 456 477 495 588 617 634 681 775 887 892
129: 8 22 32 69 79 98 134 154 290 297 302 397 438 469 749 783 816 825 849 946 952
130: 92 122 132 205 209 292 295 373 402 455 538 540 578 623 638 656 662 675 733 734 753 972
131: 6 44 152 163 230 247 248 389 416 476 503 580 596 610 618 623 697 786 904 917 929 949 970 977 988
132: 42 128 130 173 233 267 421 511 569 579 615 702 714 886 947 970 971 972
133: 33 36 124 165 209 212 294 414 415 444 445 540 578 599 782 871 933
134: 4 89 96 120 129 208 245 258 337 359 363 419 495 522 550 708 724 829 908 922 931 966
135: 42 95 120 141 162 170 230 246 250 275 293 313 418 420 435 518 539 554 638 682 792 825 927 979
136: 26 29 36 54 58 97 146 280 355 483 484 507 577 624 838 881 891 894 913 956
137: 27 73 193 196 429 444 494 579 630 756 917 963
138: 4 34 55 107 166 183 228 246 279 335 387 469 492 555 560 757 786 801 873 898 969 999
139: 8 29 74 116 206 254 343 550 574 625 678 685 761 857 870 931 976 988 990
140: 19 24 40 74 147 181 343 369 380 499 514 525 560 567 571 596 610 644 666 673 693 725 864 898 899 901 941 943 978
141: 104 116 135 172 217 219 445 492 517 603 659 747 756 790 833 939 945 947 980
142: 45 114 116 244 253 263 272 278 372 385 394 401 474 479 493 558 593 636 711 779 804 831 880 909 947 950 991 995
143: 57 71 74 76 86 118 119 174 466 530 577 578 604 626 657 711 777 787 858 875
144: 76 124 242 267 314 371 404 416 509 514 536 540 547 584 624 701 714 802 880 901 922 962 998
145: 25 36 78 205 225 236 300 440 560 617 630 660 707 709 720 728 730 778 804 828 834 897 968 983
146: 48 67 90 126 136 162 176 198 200 208 314 358 376 410 464 517 563 565 621 703 764 767 807 845 846 908 913 927 938 961 970 974 981
147: 10 55 140 227 279 319 321 393 443 455 507 515 602 649 666 739 754 768 786 836 861
148: 57 95 102 261 304 320 327 338 387 480 491 521 584 590 640 642 751 754 859 872 918
149: 20 46 56 119 175 181 243 258 277 338 375 402 433 576 589 621 676 795 835 886 911 948 952 955
150: 32 64 97 256 352 355 361 426 451 491 649 655 736 860 862 917 929 932 934 936 960 965
151: 24 32 182 293 383 482 502 532 623 658 659 714 767 774 782 816 839 863 868
152: 131 204 278 296 306 331 349 423 444 483 495 550 585 695 739 759 782 895 941 973 999
153: 96 97 109 161 176 271 297 351 365 407 408 411 428 611 738 798 840 845 855
154: 44 65 78 109 117 121 129 186 285 307 321 323 514 566 592 594 649 656 701 751 798 831 892 900
155: 46 72 117 322 337 466 552 574 628 682 856 909 941 994
156: 99 263 319 487 636 642 670 671 700 715 748 802 880 928 956
157: 4 41 111 186 205 276 318 355 432 463 516 560 761 862 882 964
158: 14 42 43 83 235 260 274 302 355 401 442 445 457 473 484 624 631 635 678 691 742 765 786 853 862 890 924 971 972 996
159: 18 21 55 216 219 232 268 289 322 326 367 464 477 514 540 601 641 642 670 674 735 759 783 818 833 855 927 941 953
160: 29 48 215 218 263 348 391 407 594 617 714 781 800 815 868 904 925 967 971
161: 153 167 246 285 354 355 382 502 633 654 716 778 903
162: 15 27 91 108 135 146 290 630 688 716 721 879 938
163: 111 131 180 217 237 299 319 350 386 396 402 497 555 686 765 810 818 832 852 882 935 937 978
164: 118 243 280 298 367 620 794 812 883 889
165: 133 277 327 346 357 362 379 406 417 440 480 512 523 542 547 636 701 702 854 891 912 948
166: 24 69 116 138 246 273 274 327 330 342 368 419 435 542 554 722 828 846 908 971 993
167: 58 69 72 85 106 111 161 233 237 247 358 391 424 449 458 562 711 741 750 764 794 900 928 946
168: 9 42 57 71 115 249 282 284 338 347 364 444 477 574 575 587 620 652 715 736 822 840 848 857 873 892 927
169: 5 16 48 71 85 177 195 257 258 263 265 303 304 323 451 458 514 544 567 581 599 666 679 705 710 737 742 839 853 906 989
170: 10 135 300 327 361 373 390 460 487 527 655 670 692 712 759 819 865 881 934
171: 65 80 102 266 268 313 349 364 421 519 569 651 677 720 724 794 832 855 958 997
172: 45 54 100 141 215 267 316 343 447 450 473 529 547 550 607 619 627 687 897
173: 5 69 121 132 233 256 274 280 303 309 350 418 437 570 833 966 990
174: 0 6 19 107 143 182 198 291 316 402 435 462 486 569 575 701 740 789 826 924 936 965 981
175: 43 149 180 209 214 264 298 379 384 498 563 580 646 647 673 679 755 780 792 832 889 910 956
176: 14 63 101 146 153 181 233 337 373 386 401 492 516 609 710 729 730 758 921
177: 1 69 89 169 219 250 257 329 330 363 499 560 581 586 589 648 654 673 727 733 827 879 901 925
178: 49 78 97 228 292 487 595 690 741 778
179: 16 79 100 181 324 372 405 424 490 615 655 691 707 775 811 834 838 862 952 993
180: 163 175 233 238 373 500 522 550 633 644 657 728 743 748 854 889 910 932 984
181: 140 149 176 179 193 195 261 294 296 319 331 357 440 610 634 722 795 808 845 884 971
182: 151 174 316 374 442 459 460 506 520 549 629 634 716 724 793 897 964 984
183: 18 58 70 72 93 100 138 187 218 224 257 278 301 321 422 496 728 775 810 916
184: 8 81 103 111 127 221 272 313 339 411 413 467 519 659 750 758 830 834 887 964 966 973
185: 30 107 112 268 276 359 360 366 387 591 617 641 670 694 753 783 841 858 869 963 973
186: 38 83 154 157 280 288 328 452 511 514 579 805 891 930 965
187: 60 183 232 258 262 282 339 456 565 779 821 858 872 877 887 901 963
188: 240 284 348 353 375 382 392 426 544 567 576 618 642 657 706 728 770 788 878 911 926
189: 47 84 113 331 365 436 514 624 647 655 725 726 770 785 806 845 893 929 947 969
190: 64 121 410 574 696 705 774 805 880 949 979 988
191: 15 30 38 43 91 92 216 250 295 314 321 332 349 408 425 475 656 658 791 818 851 868 953 994
192: 16 34 72 316 318 326 507 533 549 597 601 788 823 873 982
193: 107 137 181 335 344 358 425 438 483 498 501 704 887 958 985
194: 9 38 71 126 215 274 296 384 400 406 458 468 497 562 591 634 766 820 828 845 875 937 960 981
195: 3 6 56 95 121 169 181 216 221 275 319 384 412 425 508 573 580 606 665 759 945 958 963 979 990
196: 16 63 137 238 257 292 339 364 391 423 479 528 539 602 630 631 702 760 870 875 878 920 930
197: 80 112 233 347 351 443 577 587 597 601 620 621 637 698 710 734 751 800 879 890 985 987
198: 3 105 146 174 362 514 554 636 645 718 743 777 804 834 847 854 869 907
199: 29 36 67 75 92 102 340 388 443 448 458 479 480 496 545 587 665 673 795 965
200: 6 86 104 146 230 253 290 292 354 388 439 455 503 533 538 581 617 715 720 732 806 845 852 870 903
201: 87 227 356 430 457 466 533 577 610 625 640 653 655 690 711 798 804 996
202: 78 119 213 235 265 342 352 537 544 624 646 735 747 824 973 996
203: 60 81 107 124 261 317 365 387 410 429 592 652 715 798 861 878 918
204: 49 64 84 152 293 299 310 434 486 514 627 628 775 806 809 914 943 946 958 985
205: 5 17 46 59 130 145 157 260 285 301 320 339 378 463 496 552 561 599 621 727 754 850 874
206: 1 6 22 54 88 139 245 348 394 450 459 526 667 674 761 771 777 812 833 900 927 929 946
207: 31 40 66 76 281 284 362 477 596 694 718 834 871 888 921 945
208: 60 100 134 146 300 305 349 381 483 516 631 638 676 801 876 895 951
209: 26 47 124 126 130 133 175 243 433 559 614 628 736 780 829 878 879 905 918 967
210: 45 68 233 269 273 278 342 390 423 431 481 536 537 542 587 614 726 812 982 995
211: 81 117 222 243 256 267 454 500 640 778 865 904 914 949 966 992
212: 37 51 133 284 297 302 316 323 356 416 588 601 709 757 815 819 838 921
213: 32 33 46 202 230 264 308 325 464 483 557 626 770 810 815 853 855
214: 23 33 117 175 224 240 253 275 341 346 364 400 408 415 421 451 488 540 542 664 673 678 705 755 878 886 890 901 902
215: 48 160 172 194 285 306 333 349 374 508 609 621 719 835 931 951 965 970 982
216: 51 80 105 123 128 159 191 195 276 350 379 471 494 561 597 601 645 650 654 661 688 727 729 736 762 862 872 981
217: 15 82 141 163 287 376 378 433 491 511 523 642 675 703 782 926 963
218: 44 68 160 183 228 292 310 330 354 452 481 569 592 599 781 892 922
219: 141 159 177 228 239 246 273 390 403 415 454 465 539 556 644 647 651 655 691 693 730 848 939 945 952 973
220: 68 108 118 226 235 244 262 318 320 352 358 487 542 610 718 775 789 806 809 837 857 878 894 971
221: 29 184 195 251 319 389 458 618 649 712 745 803 805 865 904 932 993
222: 127 211 241 253 288 302 399 428 472 495 506 529 536 635 693 809 849 874 907 956 972 985
223: 71 126 241 244 272 302 386 643 726 768 775 793 820 906 932 951
224: 3 56 183 214 297 303 377 462 470 588 688 693 705 722 817 869 916 945 956 994
225: 33 63 145 237 337 343 357 409 430 475 476 648 709 819 880 915
226: 23 51 75 77 220 281 326 341 403 409 530 567 582 584 754 814 847 849 931 983 985
227: 5 14 54 74 119 147 201 257 258 263 302 332 351 454 458 466 542 634 671 773 778 888 932
228: 14 102 117 118 138 178 218 219 268 434 585 588 737 848 907 943 963 994
229: 44 51 92 124 362 522 546 614 619 730 765 854 889 893 941 972
230: 34 47 48 52 54 71 79 131 135 200 213 279 280 284 378 424 764 794 933
231: 1 117 285 312 343 349 385 422 445 448 468 571 628 734 747 781 849 918 919 984
232: 18 49 64 159 187 341 344 367 429 443 487 491 562 573 632 852 957
233: 11 71 89 98 132 167 173 176 180 197 210 313 378 418 552 575 588 601 606 636 701 751 856 920 974
234: 42 111 328 366 370 399 566 596 700 706 715 788 790 795 852 893 923 977
235: 4 52 55 82 124 158 202 220 268 303 364 410 445 463 502 514 538 544 553 557 566 586 840 844 915
236: 83 119 145 335 372 398 408 412 442 509 629 757 870 938
237: 13 18 50 104 116 163 167 225 250 317 327 334 354 407 596 610 613 654 674 679 939 957 973 990
238: 20 65 72 87 180 196 373 419 478 497 578 652 658 681 730 732 824 896 897 930
239: 5 16 219 252 340 375 415 422 430 566 685 705 808 854 916 922 946 978
240: 32 99 125 188 214 346 575 622 638 700 758 824 849 895 986
241: 0 93 222 223 254 375 426 483 552 625 632 654 720 727 819 878 910
242: 144 275 302 328 329 388 413 423 483 638 695 702 708 770 779 787 803 845 903 955 977 996
243: 2 32 77 149 164 209 211 406 452 454 487 545 620 661 770 793 940 964 985 994
244: 52 97 142 220 223 262 337 393 416 418 496 508 619 720 738 769 821 852 910 915 928
245: 43 113 134 206 281 289 402 664 742 794 819 899 958 977 995
246: 135 138 161 166 219 312 313 385 397 429 447 466 542 558 566 580 592 661 714 772 875 922 949
247: 14 69 131 167 284 385 409 475 589 615 660 661 667 680 711 722 756 767 807 848 856 861
248: 2 14 36 68 89 131 411 418 439 460 486 581 591 600 677 681 719 754 807 909 927 936 966
249: 66 168 262 303 320 344 406 491 529 547 551 623 625 645 672 713 774 841 886 930 932 941 955 960 981
250: 63 135 177 191 237 339 397 445 485 487 591 615 634 732 748 790 863 918 953
251: 23 221 302 308 324 335 364 390 425 430 437 537 639 682 706 803 850 896 978 981
252: 70 121 239 335 431 448 454 521 623 651 684 693 838 868 917 952 996
253: 142 200 214 222 443 450 558 570 583 600 612 629 643 670 680 683 745 747 772 804 831 880 882 968 987 988
254: 27 46 72 107 139 241 321 346 374 391 482 576 600 697 792 853 888 896
255: 339 360 444 493 535 703 718 725 870 881 934 974 995
256: 56 82 104 150 173 211 372 484 488 546 609 737 833 886 974
257: 60 169 177 183 196 227 327 398 404 416 417 431 508 581 621 649 654 684 705 814 840 989 998
258: 57 134 149 169 187 227 279 341 460 552 682 802 803 806 830 882 890 994
259: 3 13 45 95 106 268 291 315 333 391 536 548 565 593 669 687 716 783 828 847 857 943 958
260: 158 205 281 326 341 410 533 574 660 671 733 861 872 878
261: 8 51 69 86 96 112 148 181 203 400 477 478 579 589 607 633 773 790 871 872 902 927 968
262: 34 81 93 187 220 244 249 285 355 364 367 382 474 545 622 678 714 810 980
263: 35 58 82 142 156 160 169 227 314 355 517 571 683 794 808 857 871 918 950
264: 17 31 175 213 394 499 615 702 805 816 819 826 893 955 989
265: 120 169 202 291 307 399 400 427 451 509 518 571 634 681 754 774 777 792 809 818 977
266: 20 112 171 267 287 389 414 487 523 565 574 614 661 682 685 698 755 812 995
267: 1 48 70 132 144 172 211 266 298 309 315 349 356 357 363 387 458 470 538 543 559 649 664 737 752 849 868 994
268: 50 159 171 185 228 235 259 356 362 399 559 566 588 589 653 669 752 763 875 948 961 964 965
269: 65 210 283 321 335 338 404 428 435 452 465 522 589 616 644 645 678 738 809 849 862 867 931 934 944 966
270: 28 31 312 340 399 428 435 482 491 555 589 637 668 699 734 838 881 941
271: 17 28 50 128 153 301 305 335 431 544 547 589 590 643 712 714 777 913 947 965
272: 142 184 223 547 648 653 689 739 743 761 834 859 954 960 968 998
273: 166 210 219 277 290 476 516 667 742 791 845 923 977
274: 27 64 69 73 104 158 166 173 194 283 319 322 360 380 401 478 484 528 600 726 782 852 883 897 936 965
275: 107 120 128 135 195 214 242 336 365 419 438 472 489 644 675 760 765 790 812 889 957 976 993
276: 83 157 185 216 310 366 376 431 434 463 489 508 527 630 670 687 710 816 865 883 897 921 934
277: 76 83 104 149 165 273 320 354 395 412 484 506 520 547 611 667 704 712 729 799 901
278: 47 73 82 124 125 142 152 183 210 295 381 410 427 436 471 484 499 521 540 653 721 858 921 954 993
279: 39 89 104 138 147 230 258 293 299 360 379 388 390 400 408 431 489 720 749 809 827 876 878 903 918 988
280: 42 136 164 173 186 230 415 440 462 471 491 549 576 641 642 645 657 666 696 715 729 741 747 784 811 910 986
281: 112 207 226 245 260 304 366 631 705 719 731 820 853 898 911 956 977 979
282: 11 46 168 187 312 366 380 536 569 609 611 651 657 730 772 789 884 904 998
283: 73 99 112 269 274 336 350 351 389 412 464 468 481 684 827 880 919 971 979
284: 67 95 168 188 207 212 230 247 287 331 404 479 481 501 502 503 515 576 616 646 663 713 717 763 823 857 882 912
285: 154 161 205 215 231 262 315 347 353 366 420 487 522 587 620 647 649 678 745 843 853 896 917 942
286: 87 97 382 410 471 535 593 600 623 691 741 754 871 894 927 941 944
287: 8 63 121 217 266 284 296 310 342 388 417 420 448 466 559 684 704 788 815 842
288: 68 94 186 222 495 499 507 650 680 744 750 856 906 914 941 991
289: 34 41 76 159 245 342 387 406 439 446 550 703 723 821 911 913 966
290: 8 90 119 129 162 200 273 296 304 316 448 458 502 553 567 644 749 760 793 830 947 988
291: 46 81 174 259 265 313 496 560 587 591 687 695 724 731 750 793 835 852 896 946
292: 41 60 130 178 196 200 218 348 374 386 410 435 568 603 626 654 657 658 802 923 972
293: 24 84 135 151 204 279 363 377 391 449 483 490 538 542 577 766 794 802 831 876 898 978
294: 63 69 76 133 181 316 373 488 543 629 637 791 841 956
295: 29 127 130 191 278 305 351 387 407 420 520 661 675 693 733 764 937 962 964 993
296: 60 152 181 194 287 290 341 432 465 528 531 538 539 541 602 609 625 633 689 728 763 810 880 928
297: 8 61 67 129 153 212 224 314 480 489 497 505 612 643 653 692 706 783 897 933
298: 11 19 164 175 267 307 359 378 425 432 524 566 636 640 710 758 789 795 830 874 935 939
299: 163 204 279 336 344 367 426 443 560 573 679 684 720 751 958
300: 71 74 88 123 145 170 208 421 431 444 498 607 708 733 826 951 970
301: 11 107 110 117 183 205 271 358 445 536 543 547 637 688 692 701 827 843 868 874 895 946
302: 44 92 129 158 212 222 223 227 242 251 336 402 431 459 474 556 580 605 613 667 679 720 785 859 981
303: 27 98 169 173 224 235 249 389 406 422 493 599 666 917 998
304: 11 48 125 148 169 281 290 332 391 442 447 486 493 512 535 536 545 572 582 606 641 654 831 841 926
305: 15 48 208 271 295 321 375 376 400 438 450 457 505 709 721 743 757 759 857 907 965 982
306: 14 16 122 152 215 311 469 472 596 642
307: 48 94 119 124 126 154 265 298 347 480 512 516 839 840 883
308: 5 19 213 251 326 407 430 568 576 578 595 669 885
309: 173 267 372 656 685 736 748 971 993 996
310: 31 41 204 218 276 287 332 350 393 405 447 598 648 677 726 763 771 774 805 825 942 953 976
311: 306 370 403 453 468 514 545 610 648 805 817 867 978
312: 58 231 246 270 282 367 442 497 578 637 653 756 852 998
313: 34 135 171 184 233 246 291 319 409 455 526 553 616 629 704 705 721 787 788 852 873 890 920 930 936 945 998
314: 62 144 146 191 263 297 321 379 419 508 579 581 605 673 679 821 984 990
315: 259 267 285 328 461 474 478 517 554 577 589 769 793 853 858 866 889 965
316: 66 172 174 182 192 212 290 294 322 339 401 513 584 587 597 697 730 772 786 833 846 860 937 956 971
317: 5 16 31 37 70 115 124 203 237 331 362 438 521 539 569 638 648 737 749 790 792 807 816 850 914 928 965
318: 121 157 192 220 486 531 594 893
319: 57 101 104 147 156 163 181 195 221 274 313 333 354 369 407 435 473 674 793 799 808 842 932 939 962 968 976
320: 40 60 85 148 205 220 249 277 512 519 679 770
321: 52 64 87 102 147 154 183 191 254 269 305 314 352 411 437 447 530 656 700 726 736 915 917 921 993
322: 58 63 70 128 155 159 274 316 389 402 442 523 587 648 651 684 723 762 775 786 792 947 959 999
323: 20 31 38 49 86 89 119 122 154 169 212 346 465 526 745 780 788 838 854 855 904 907 955 977
324: 3 19 56 97 121 179 251 380 420 477 485 501 776 791 803 828 897 907 928 936 978 982
325: 10 102 213 338 380 398 439 446 466 521 545 546 714 728 856 877 946 958 981
326: 18 20 35 159 192 226 260 308 385 407 518 616 689 716 780 819 883 894 903 965 999
327: 25 89 148 165 166 170 237 257 389 393 445 461 470 487 498 503 535 671 722
328: 13 186 234 242 315 340 354 411 424 455 472 554 592 677 692 695 706 750 764 771 850 885 958 969
329: 28 177 242 370 431 437 447 464 504 649 694 821 872 920 927 992
330: 125 166 177 218 337 382 438 480 630 715 820 827 853 890 902
331: 83 152 181 189 284 317 387 388 573 614 650 661 923 936 974
332: 32 33 191 227 304 310 405 409 466 507 513 547 558 752 787 828 832 844 895 921 940 946 948 970 997
333: 24 52 56 80 127 215 259 319 423 427 501 516 595 663 691 692 706 709 769 855 878 930 961 992
334: 11 66 72 76 92 107 237 367 370 381 419 442 474 498 584 595 611 629 635 694 820 909 927 979
335: 8 38 138 193 236 251 252 269 271 387 400 413 510 571 582 651 661 758 778 792 827 854 855 877 900
336: 2 275 283 299 302 471 500 667 709 794 891
337: 4 65 101 134 155 176 225 244 330 382 412 458 459 467 468 552 564 609 650 717 798 824 850 942 950 998
338: 61 148 149 168 269 325 340 353 431 508 562 608 624 661 678 695 763 764 769 799 810 866 921
339: 79 184 187 196 205 250 255 316 484 567 575 619 656 722 725 763 800 864 910
340: 199 239 270 328 338 369 490 492 493 521 573 593 640 738 768 777 835 851 891 935 960 976 982
341: 97 116 214 226 232 258 260 296 355 366 371 379 561 689 804 836 905 912
342: 28 54 70 87 166 202 210 287 289 359 405 408 435 453 479 496 527 620 690 724 728 815 842 869 967 981 984
343: 102 109 115 125 139 140 172 225 231 385 456 461 538 547 587 631 691 742 846 859 872 886 926 973 978 990
344: 21 77 100 113 193 232 249 299 365 373 398 505 551 585 693 712 812 828 892 941 967 974
345: 97 472 483 530 556 615 699 738 753 774 823 847 871 876 999
346: 8 11 115 116 165 214 240 254 323 349 384 390 428 438 444 503 617 620 630 632 668 669 686 788 820 906 959 992
347: 41 116 168 197 285 307 348 349 355 362 482 534 578 656 749 778 791 802 855 895 929 998
348: 17 45 61 99 160 188 206 292 347 350 466 607 675 681 737 864 873 901 959
349: 88 101 117 152 171 191 208 215 231 267 346 347 406 500 526 617 618 620 625 706 739 947 979 998
350: 21 61 83 115 163 173 216 283 310 348 353 363 432 433 438 439 491 682 818 824 857 904 979 984
351: 22 41 60 153 197 227 283 295 389 459 661 692 786 800 895 950
352: 16 82 123 150 202 220 321 407 425 462 503 551 589 635 692 749 754 767 869 936 948 966 974
353: 3 188 285 338 350 509 532 539 629 632 671 708 794 805 944 950 966 981
354: 2 14 99 161 200 218 237 277 319 328 362 383 444 502 556 581 614 615 654 710 779 794 824 837 848 863 891 929 933
355: 42 63 136 150 157 158 161 262 263 341 347 368 372 415 617 646 725 759 790 815 824 828 872 880 930 941 982 992
356: 128 201 212 267 268 411 481 494 506 521 549 583 584 774 792 860 920
357: 84 165 181 225 267 412 500 617 678 755 800 824 929 953
358: 14 16 49 146 167 193 220 301 472 492 609 619 642 664 676 701 771 846 984
359: 79 134 185 298 342 367 368 382 437 438 445 466 501 514 541 576 634 713 736 760 815 828 938
360: 13 185 255 274 279 378 432 468 603 627 791 814 826 840 863 876 888 906 950 984
361: 47 109 150 170 443 481 500 535 548 589 593 658 662 802 827
362: 36 57 165 198 207 229 268 317 347 354 460 462 473 490 537 569 621 670 673 730 819 826 899 942 944
363: 1 16 134 177 267 293 350 438 524 544 597 611 700 711 926 956 963
364: 6 124 168 171 196 214 235 251 262 455 459 517 522 561 610 613 624 698 705 723 725 750 800 851 877 945
365: 55 99 105 153 189 203 275 344 421 528 595 666 765 857 877 883 914
366: 93 185 234 276 281 282 285 341 384 479 487 489 497 525 531 567 602 613 673 687 726 868 879 896 929 962 989
367: 29 92 97 159 164 232 262 299 312 334 359 436 462 524 530 602 609 662 670 758 779 796 803 911 936 982
368: 12 64 166 355 359 391 399 465 480 481 493 528 579 597 612 708 715 875 879 900 904 985
369: 15 140 319 340 534 582 605 607 610 665 741 751 767 784
370: 18 26 123 234 311 329 334 392 407 413 560 590 618 670 714 741 763 841 874 886 943
371: 17 55 95 123 144 341 393 462 593 625 642 645 695 698 807 819 939 966
372: 22 119 142 179 236 256 309 355 392 480 531 584 599 608 619 677 696 700 725 740 775 782 820 865 897 970 974
373: 50 130 170 176 180 238 294 344 467 482 489 505 659 732 768 776 806 836 973
374: 48 82 116 182 215 254 292 420 424 435 458 460 466 528 624 655 742 839 847 945 948 960 985
375: 13 149 188 239 241 305 433 443 495 575 594 647 674 820 831 985
376: 36 42 45 146 217 276 305 406 421 455 477 480 547 622 677 696 822 885 931 955 985
377: 12 123 224 293 378 449 464 484 521 612 619 640 647 788 859 915 958 996
378: 26 91 205 217 230 233 298 360 377 398 403 422 444 451 455 527 549 555 615 691 739 787 904 965
379: 6 9 101 165 175 216 279 314 341 411 479 530 594 779 811 901 940 946 957 964 971
380: 140 274 282 324 325 435 462 542 554 720 751 781 797 825 857 873 979 985
381: 125 208 278 334 403 426 599 653 661 680 731 760 787 826 845 871
382: 53 62 161 188 262 286 330 337 359 448 451 484 496 583 584 601 604 659 818 847 861 889 968
383: 23 91 151 354 406 430 445 714 751 772 783 823 864 886 970
384: 31 60 61 90 109 175 194 195 346 366 406 425 428 437 506 542 625 630 674 683 749 765 840 940 963 975
385: 84 89 108 117 142 231 246 247 326 343 500 536 651 704 706 750 783 789 803 919 942 955 984
386: 18 34 112 163 176 223 292 547 564 627 683 711 728 809 846 954
387: 58 83 138 148 185 203 267 289 295 331 335 447 524 545 551 568 628 842 850 852 900 927
388: 18 50 57 86 97 199 200 242 279 287 331 407 492 495 548 564 565 670 671 714 897 989
389: 11 18 107 131 221 266 283 303 322 327 351 532 544 567 574 631 637 664 678 680 706 769 795 831 961 979
390: 31 170 210 219 251 279 346 444 478 551 574 772 792 825 931 967
391: 75 104 160 167 196 254 259 293 304 368 516 561 613 640 641 721 767 781 809 836 895 926 932 952
392: 71 110 124 188 370 372 440 453 600 638 687 689 712 726 772 779 828 870 878 969 995 997
393: 23 147 244 310 327 371 431 525 547 579 677 763 806 814 853 904 905 961 976
394: 66 89 94 101 122 142 206 264 412 429 512 567 647 701 737 779 789 825 955 969
395: 31 57 102 111 277 407 528 642 666 783 791 926 971
396: 101 163 412 430 463 593 660 722 805 806 818 890 898 921
397: 46 57 91 129 246 250 416 430 550 653 700 853 900 955 995
398: 4 10 43 49 72 236 257 325 344 378 542 583 596 669 683 738 757 804 834 846 880 977
399: 40 110 123 222 234 265 268 270 368 449 473 563 579 621 668 742 765 851 923
400: 4 100 106 122 194 214 261 265 279 305 335 520 524 584 821 823 855 882 966 973
401: 24 44 48 63 101 142 158 176 274 316 403 439 448 468 500 515 625 672 707 718 720 874 898 911 936
402: 17 94 130 149 163 174 245 302 322 525 556 614 673 675 720 739 787 848 851 900 926 930 984
403: 26 53 89 119 219 226 311 378 381 401 440 567 640 656 679 791 802 848 873 915 945 986 994
404: 144 257 269 284 413 418 445 480 560 603 613 694 702 776 794 831 876 911 976
405: 115 179 310 332 342 407 486 632 635 712 721 819 875 880 919 928 980
406: 54 76 165 194 243 249 289 303 349 376 383 384 427 446 568 719 725 727 777 846 916 935 965 993
407: 7 47 52 94 107 115 153 160 237 295 308 319 326 352 370 388 395 405 471 490 548 692 726 728 759 805
408: 19 62 92 153 191 214 236 279 342 622 704 807 898
409: 47 106 116 122 123 225 226 247 313 332 416 456 481 534 711 756 791 891 920
410: 54 100 103 104 146 190 203 235 260 278 286 292 428 597 632 666 670 682 715 730 764 834 973
411: 23 111 153 184 248 321 328 356 379 493 498 600 617 736 792 808 823 943 967
412: 22 26 41 195 236 277 283 337 357 394 396 425 556 653 710 818 860
413: 13 99 114 184 242 335 370 404 486 531 560 600 724 789 806 845 847 863 925
414: 26 109 133 266 437 440 564 601 734 751 769 799 802 836 837 839 848 923 949
415: 37 55 133 214 219 239 280 355 472 478 493 545 551 630 638 644 716 891 948 957
416: 3 44 86 131 144 212 244 257 397 409 460 732 753 806 891 930 938
417: 75 92 111 114 165 257 287 424 459 490 702 813 862
418: 53 101 135 173 233 244 248 404 438 445 564 616 852 895 932 960 998
419: 0 65 67 84 134 166 238 275 314 334 420 533 601 626 657 803 815 828 887 889 914 948 949
420: 73 123 135 285 287 295 324 374 419 429 438 507 650 656 746 770 858 889
421: 132 171 214 300 365 376 440 445 586 589 731 732 745 814 843 980
422: 38 51 183 231 239 303 378 423 452 532 536 644 654 687 744 816 835 930 954
423: 28 63 64 88 92 152 196 210 242 333 422 428 437 468 565 595 621 747 754 761 942
424: 104 167 179 230 328 374 417 448 466 485 526 548 667 718 737 751 763 791 794 803 817 821 940 945 946 957
425: 14 42 116 191 193 195 251 298 352 384 412 469 504 592 651 692 720 769 879 909 920 980
426: 36 84 115 150 188 241 299 381 441 450 504 520 545 643 646 686 767 823 856 958
427: 265 278 333 406 445 489 530 536 539 626 662 670 885 907 995
428: 153 222 269 270 346 384 410 423 478 481 622 691 719 724 773 792 812 824 842 857 862 893 970 988
429: 137 203 232 246 394 420 431 436 448 470 625 673 723 788 831 844 862 871 907 936 956 995
430: 29 49 88 201 225 239 251 308 383 396 397 601 722 753 764 919 927 952 969
431: 104 210 252 257 271 276 279 300 302 329 338 393 429 452 476 605 660 708 862 928 942 947 952 957
432: 157 296 298 350 360 442 501 717 732 752 766 876 878
433: 112 149 209 217 350 375 473 480 498 532 603 707 780 821
434: 11 21 204 228 276 452 481 493 497 507 686 793 912 943 989
435: 135 166 174 269 270 292 319 342 374 380 588 631 683 739 830 962 982
436: 26 82 85 189 278 367 429 541 567 635 650 712 717 776 925 954 971 977 978 982
437: 102 109 173 251 321 329 359 384 414 423 510 552 586 635 657 708 716 809 842 868
438: 119 129 193 275 305 317 330 346 350 359 363 418 420 443 465 698 772 791 792 843 901 920 949
439: 113 200 248 289 325 350 401 446 457 504 531 560 574 603 620 626 632 657 674 692 714 718 767 773 785 859 884 938 983
440: 29 73 107 120 145 165 181 280 392 403 414 421 465 548 603 644 690 710 734 861 951 972
441: 0 50 77 116 426 518 562 563 628 652 672 688 689 729 836 891
442: 0 4 13 49 158 182 236 304 312 322 334 432 550 628 643 777 840 853 927 989 990
443: 57 147 197 199 232 253 299 361 375 438 479 501 523 567 598 635 692 702 739 755 758 760 845 969 977 995
444: 68 118 133 137 152 168 255 300 346 354 378 390 525 527 537 607 651 734 749 765 776 794 815 903
445: 15 79 133 141 158 231 235 250 301 327 359 383 404 418 421 427 447 458 508 511 544 556 606 635 686 795 903 987
446: 289 325 406 439 540 640 646 669 779 785 794 853 887 921 924 999
447: 52 172 246 304 310 321 329 387 445 598 601 676 683 751 766 771 792 812 886 953
448: 22 43 44 70 199 231 252 287 290 382 401 424 429 595 765 840
449: 36 53 62 167 293 377 399 566 606 652 660 663 715 832 875 909
450: 41 86 118 172 206 253 305 426 452 515 532 567 606 626 645 676 713 734 788 927
451: 150 169 214 265 378 382 494 507 562 592 631 662 674 680 731 750 959 983 985
452: 11 26 186 218 243 269 422 431 434 450 460 465 515 589 620 718 740 874 954
453: 28 55 57 127 311 342 392 473 624 625 645 724 786 833 858 894 904 948
454: 24 84 211 219 227 243 252 536 537 551 561 642 717 722 953 957 961 994
455: 29 73 130 147 200 313 328 364 376 378 456 514 579 596 601 610 669 718 755 757 962
456: 10 57 68 116 128 187 343 409 455 479 602 728 757 799 953 966
457: 8 98 112 158 201 305 439 460 490 540 555 576 636 755 864 869 949
458: 103 105 112 114 167 169 194 199 221 227 267 290 337 374 445 482 563 567 583 647 661 672 684 685 836 857 917 960 970 988
459: 103 117 126 182 206 302 337 351 364 417 468 494 572 582 620 660 671 808 875 893 896
460: 17 30 68 170 182 248 258 362 374 416 452 457 574 589 609 859 861 904 961
461: 315 327 343 533 566 912 926 945 964 984
462: 17 174 224 280 352 362 367 371 380 489 658 734 748 755 825 830 856 858 928 982
463: 14 26 157 205 235 276 396 571 662 726 736 851 876 933 948 954 982
464: 127 146 159 213 283 329 377 495 507 538 581 626 679 703 763 870
465: 1 18 45 219 269 296 323 368 438 440 452 495 504 556 572 573 599 635 682 687 719 754 880 943 969
466: 49 65 143 155 201 227 246 287 325 332 348 359 374 424 538 599 636 657 785 797 817 827 835 855 861 870 994
467: 61 78 120 184 337 373 468 507 554 608 622 682 757 822 894 916 963
468: 8 194 231 283 311 337 360 401 423 459 467 544 559 561 596 644 754 791 819 848
469: 129 138 306 425 500 515 517 588 625 710 773 814 870 983 991 996
470: 51 59 81 224 267 327 429 481 494 499 558 561 581 608 718 719 757 787 836 937
471: 50 103 216 278 280 286 336 407 490 501 639 722 746 763 769 797 802 873 876 885 898 941 998
472: 34 53 61 77 126 222 275 306 328 345 358 415 575 617 636 654 838 876 885 921 964 989 999
473: 6 40 44 76 158 172 319 362 399 433 453 514 530 603 630 712 772 831 855
474: 87 90 104 142 262 302 315 334 587 612 626 647 652 653 676 688 702 785 816 886 938
475: 35 191 225 247 541 566 629 708 716 723 749 843 851 913 933 935 940
476: 17 28 51 123 131 225 273 431 495 538 543 556 633 646 732 796 831 840 892 952 956 960 978
477: 35 75 114 128 159 168 207 261 324 376 544 581 583 596 618 622 688 725 730 774 802 830 893 985
478: 21 31 86 112 238 261 274 315 390 415 428 613 698 863 864 904 930 992
479: 40 142 196 199 284 342 366 379 443 456 523 624 687 703 708 718 722 774 776 826 879 908 956 982
480: 23 84 148 165 199 297 307 330 368 372 376 404 433 743 807 812 835 849 866 898 981
481: 47 210 218 283 284 356 361 368 409 428 434 470 495 626 648 681 900 953 958 988 990
482: 74 151 254 270 347 373 458 555 622 663 691 709 900 923
483: 8 11 17 136 152 193 208 213 241 242 293 345 581 608 616 783 793 818 907 955
484: 0 13 61 70 71 96 136 158 256 274 277 278 339 377 382 522 527 566 599 715 837 869 894 938
485: 250 324 424 553 594 596 656 735 770 839 918 923 991
486: 11 32 33 61 69 111 174 204 248 304 318 405 413 598 702 760 824 835 920 928 950 964 968
487: 55 69 78 156 170 178 220 232 243 250 266 285 327 366 637 686 988 989
488: 90 214 256 294 510 552 569 691 757 789 889
489: 32 57 74 89 99 275 276 279 297 366 373 427 462 519 605 676 692 695 750 759 878 908 945 952
490: 34 37 43 98 99 179 293 340 362 407 417 457 471 553 560 576 702 715 733 761 874 914 979 991
491: 23 148 150 217 232 249 270 280 350 543 552 572 614 708 821 841 915 951 962
492: 80 115 138 141 176 340 358 388 523 579 705 736 781 912 917 926 935
493: 25 142 255 303 304 340 368 411 415 434 583 624 634 680 708 736 777 824 862 898 930 955 963 976
494: 73 94 101 137 216 356 451 459 470 517 583 769 783 842 857
495: 3 22 39 86 92 113 124 128 134 152 222 288 375 388 464 465 476 481 571 578 614 625 642 676 729 757 770 809 862 992
496: 19 114 183 199 205 244 291 342 382 534 547 592 593 704 768 781 803 806 819 858
497: 34 127 163 194 238 297 312 366 434 556 630 647 697 764 770 872 888 895
498: 7 47 67 68 122 175 193 300 327 334 411 433 529 602 687 693 752 774 799 826 867 870 880 931
499: 7 47 85 140 177 264 278 288 470 500 661 730 736 754 755 801 872 949 958 962
500: 14 52 105 180 211 336 349 357 361 385 401 469 499 530 647 707 743 751 802 841 872 922 964 978 982
501: 42 63 193 284 324 333 359 432 443 471 503 546 588 681 727 807 883 897 936 979
502: 42 98 151 161 235 284 290 354 513 581 651 682 755 764 765 867 924
503: 79 131 200 284 327 346 352 501 575 686 687 694 700 750 816 943
504: 10 12 35 63 73 85 329 425 426 439 465 547 570 593 629 660 742 810 950
505: 63 86 297 305 344 373 522 550 592 622 668 740 775 782 829 903 929 993 994
506: 182 222 277 356 384 507 563 611 705 708 808 817 996
507: 3 43 101 136 147 192 288 332 420 434 451 464 467 506 555 591 606 640 692 818 893 896 980 999
508: 83 195 215 244 257 276 314 338 445 615 709 790 869 899 909 941 947
509: 14 24 81 92 117 127 144 236 265 353 520 548 550 622 667 891 894 920
510: 5 51 83 91 335 437 488 575 578 705 727 784 786 921
511: 24 39 40 44 86 132 186 217 445 558 706 740 870
512: 14 66 82 165 304 307 320 394 537 613 677 732 791 822 834 840 993 994
513: 127 316 332 502 683 697 795 806 850 899 909 951 977
514: 45 140 144 154 159 169 186 189 198 204 235 311 359 455 473 515 541 615 616 646 748 995
515: 43 64 93 147 284 401 450 452 469 514 516 528 544 599 604 608 615 795 835 840 880 950
516: 107 157 176 208 273 307 333 391 515 540 562 614 749 752 786 869 882 886 887 944 964 996
517: 38 62 83 141 146 263 315 364 469 494 567 587 615 695 859 893 926 975
518: 56 135 265 326 441 718 837 881 918 924
519: 62 126 171 184 320 489 590 719 874 896 969
520: 9 56 59 88 92 117 182 277 295 400 426 509 572 587 680 684 877 910 929 989
521: 17 122 148 252 278 317 325 340 356 377 579 595 638 704 719 722 765 772 784 794 840 902 930 953 975
522: 8 66 79 124 134 180 229 269 285 364 484 505 537 688 740 741 748 772 874 914
523: 28 165 217 266 322 443 479 492 556 573 602 620 650 674 750 777 800 843 877 879 910 970
524: 13 60 125 298 363 367 387 400 579 595 606 728 758 807 809 848 893 935 942
525: 54 104 126 140 366 393 402 444 526 587 616 684 698 792 793 813 875
526: 206 313 323 349 424 525 543 603 654 659 666 682 780 859 874 903 906 975
527: 84 121 170 276 342 378 444 484 569 661 753 821 850
528: 64 70 124 196 274 296 365 368 374 395 515 569 689 758 796 930 958 998
529: 7 70 172 222 249 498 533 611 613 662 777 841 860 891 912
530: 62 95 143 226 321 345 367 379 427 473 500 539 613 751 780 805 815 878 879 887 902 959
531: 57 296 318 366 372 413 439 563 660 712 791 816 962 991
532: 21 80 151 353 389 422 433 450 596 702 726 811 824 839 847 877 901
533: 4 14 192 200 201 260 419 461 529 536 554 558 576 601 603 719 761 805 833 876 938 954
534: 67 347 369 409 496 570 629 722 775 785 793 820 881 950 958 961 972
535: 54 95 255 286 304 327 361 628 661 733 840 893 908 949 952 955 957 982
536: 21 71 102 144 210 222 259 282 301 304 385 422 427 454 533 560 575 580 585 587 600 622 628 707 799 833 880 938 987
537: 1 39 59 87 116 127 202 210 251 362 444 454 512 522 567 572 586 639 659 739 763 777 780 830 929 939
538: 15 23 41 100 130 200 235 267 293 296 343 464 466 476 553 635 656 708 789 823 876 967
539: 135 196 219 296 317 353 427 530 580 582 615 620 622 682 794 840 930 938 941
540: 40 74 130 133 144 159 214 278 446 457 516 585 597 610 622 712 792 804 852 964 991
541: 102 296 359 436 475 514 551 559 627 642 643 753 853 900
542: 72 86 165 166 210 214 220 227 246 293 380 384 398 543 571 575 607 755 928 991
543: 267 294 301 476 491 526 542 625 817 863 882 951 965
544: 15 32 36 39 119 169 188 202 235 271 363 389 445 468 477 515 584 591 690 747 785 788 798 865 946 969
545: 18 19 36 199 243 262 304 311 325 387 415 426 555 660 675 729 742 753 781 811 841 874 894 969 978
546: 15 18 37 50 60 67 229 256 325 501 633 671 704 771 899 930 934 960
547: 93 110 118 144 165 172 249 271 272 277 301 332 343 376 386 393 496 504 587 599 607 617 641 664 823 836 878 893
548: 79 259 361 388 407 424 440 509 560 594 607 630 694 705 744 816 859 913 984 992
549: 93 117 182 192 280 356 378 650 869 909 964 965
550: 65 97 134 139 152 172 180 289 397 442 505 509 719 805 878 899 948 957
551: 249 344 352 387 390 415 454 541 658 660 723 780 782 785 811 836 845
552: 121 155 205 233 241 258 337 437 488 491 684 685 746 851 953
553: 67 235 290 313 485 490 538 591 657 685 703 781 825 929
554: 50 135 166 198 315 328 380 467 533 588 681 701 718 786 820 857 926
555: 73 94 123 138 163 270 378 457 482 507 545 565 598 601 604 605 618 670 691 755 782 790 943 989
556: 16 47 56 117 219 302 345 354 402 412 445 465 476 497 523 577 629 716 735 797 829 838 920 965 990
557: 64 103 213 235 583 633 640 644 678 685 755 792 801 960
558: 0 13 86 96 97 142 246 253 332 470 511 533 634 645 663 708 712 735 765 786 791 821 888 935 962
559: 10 33 209 267 268 287 468 541 585 635 692 711 714 715 728 739 802 824 826 835 905 919
560: 43 138 140 145 157 177 291 299 370 404 413 439 490 536 548 596 632 673 674 697 705 781 854 893 922 975
561: 12 62 76 205 216 341 364 391 454 468 470 593 612 664 684 725 850 937 940 959 987
562: 54 63 78 167 194 232 338 441 451 516 646 680 890 908 952 958 964 976 994
563: 95 100 146 175 399 441 458 506 531 583 624 672 741 774 787 831 875 886
564: 0 44 337 386 388 414 418 616 639 663 669 701 708 793 831
565: 35 146 187 259 266 388 423 555 607 622 758 814 864 974
566: 86 94 96 100 154 234 235 239 246 268 298 449 461 475 484 648 703 884 982
567: 114 140 169 188 226 290 339 366 389 394 403 436 443 450 458 517 537 636 638 675 681 759 883
568: 19 24 58 292 308 387 406 575 578 636 760 791 829 938
569: 32 111 132 171 174 218 282 317 362 488 527 528 588 621 744 843 881 903 919 926 933 941 983 989
570: 51 95 173 253 504 534 625 640 697 720 723 835 913
571: 11 36 113 140 231 263 265 335 463 495 542 578 702 733 744 764 796 872 887 892 897 905 952
572: 79 91 304 459 465 491 520 537 577 631 660 690 707 824 876
573: 8 110 195 232 299 331 340 465 523 594 622 637 669 723 839 954 988
574: 23 72 90 124 139 155 168 190 260 266 389 390 439 460 774 779 784 786 881 894 982 998
575: 3 20 33 97 168 174 233 240 339 375 472 503 510 536 542 568 604 606 612 618 654 665 789 794 803 818 854 938 946
576: 61 119 149 188 254 280 284 308 359 457 490 533 633 640 671 690 716 803 866 871 875 879 910
577: 27 97 136 143 197 201 293 315 556 572 630 685 695 756 794 795 833 856 943 963
578: 56 69 126 130 133 143 238 308 312 347 495 510 568 571 600 648 652 666 738 760 904 958
579: 38 49 70 132 137 186 261 314 368 393 399 455 492 521 524 592 623 743 763 831 867 916 926 986
580: 43 79 131 175 195 246 302 536 539 616 669 690 693 705 756 773 965 971 989
581: 3 16 169 177 200 248 257 314 354 464 470 477 483 502 691 721 741 742 752 753 903 944 947 951
582: 15 54 102 226 304 335 369 459 539 607 693 742 929
583: 0 13 253 356 382 398 458 477 493 494 557 563 586 591 636 899 926 973 984
584: 144 148 226 316 334 356 372 382 400 544 622 700 708 792 802 804 877 943 995
585: 24 34 40 50 52 70 152 228 344 536 540 559 626 791 794 822 886 939 943 984
586: 3 15 46 81 83 177 235 421 437 537 583 613 618 659 668 708 721 726 732 873 891 908 916 919 990
587: 74 168 197 199 210 285 291 316 322 343 474 517 520 525 536 547 601 630 652 694 703 711 718 725 726 745 764 778 823 858 990
588: 1 13 128 212 224 228 233 268 435 469 501 554 569 599 620 685 768 988
589: 62 74 91 149 177 247 261 268 269 270 271 315 352 361 421 452 460 618 816 837 860 866
590: 25 56 94 98 106 148 271 370 519 604 629 658 728 735 738 756 800 811 861 887 892 962 986
591: 31 52 60 185 194 248 250 291 507 544 553 583 592 610 621 673 675 696 737 755 795 829 838 876 950
592: 40 68 80 154 203 218 246 328 425 451 496 505 579 591 652 673 733 758 782 807 858 860 871 917
593: 19 33 78 123 142 259 286 340 361 371 396 496 504 561 634 673 735 764 816 834 873 939 985
594: 51 154 160 318 375 379 485 548 573 680 712 721 764 767 784 790 799 812 843 856 929 946
595: 6 117 121 124 178 308 333 334 365 423 448 521 524 601 649 719 767 787 931 958 977 992 996
596: 63 107 108 131 140 207 234 237 306 398 455 468 477 485 532 560 597 623 694 740 743 755 759 805 825 874 875 884 895 936 968
597: 8 104 192 197 216 316 363 368 410 540 596 633 652 684 721 886 945 973
598: 21 63 98 310 443 447 486 555 618 638 660 677 693 778 858 862 869 999
599: 133 169 205 218 303 372 381 465 466 484 515 547 588 614 643 648 718 747 829 931 937 953
600: 9 31 79 87 248 253 254 274 286 392 411 413 536 578 619 744 865 957 959
601: 3 8 29 58 76 125 159 192 197 212 216 233 382 414 419 430 447 455 533 555 587 595 814 816 855 919
602: 91 106 147 196 296 366 367 456 498 523 613 663 667 681 745 821 837 858 911 932 946
603: 48 141 292 360 404 433 439 440 473 526 533 642 688 755 840 871 933
604: 69 70 143 382 515 555 575 590 607 639 776 912
605: 9 302 314 369 431 489 555 634 702 725 733 782 785 806 842 868
606: 2 27 74 75 89 96 195 233 304 445 449 450 507 524 575 613 696 706 763 824 863 894 908 914
607: 0 39 99 106 172 261 300 348 369 444 542 547 548 565 582 604 630 635 679 718 738 746 770 787 818 931 983
608: 39 57 76 86 338 372 467 470 483 515 688 690 712 815 821 891 897 906 907 924 927 958 982
609: 71 99 176 215 256 282 296 337 358 367 460 635 723 779 858 896 945
610: 131 140 181 201 220 237 311 364 369 455 540 591 636 645 739 836 888 889 935 950 969 992
611: 20 39 57 153 277 282 334 363 506 529 641 670 690 704 720 768 819 844 909 935 966 980 981
612: 0 253 297 368 377 474 561 575 613 624 809 827 872 927
613: 44 124 237 302 364 366 391 404 478 512 529 530 586 602 606 612 656 708 867 881 971 997
614: 16 25 40 59 62 103 209 210 229 266 331 354 402 491 495 516 599 642 716 737 824 879 938
615: 14 126 132 179 247 250 264 345 354 378 508 514 515 517 539 647 651 695 700 768 806 870 872 925 952 973
616: 0 3 5 45 91 114 269 284 313 326 418 483 514 525 564 580 635 646 859 895 903
617: 94 128 145 160 185 200 346 349 355 357 411 472 547 621 642 718 901 938 951
618: 14 25 28 31 90 100 131 188 221 349 370 477 555 575 586 589 598 664 675 732 812 823 838 899 967 973 987
619: 77 123 172 229 244 339 358 372 377 600 671 679 796 801 869 888 918 955 965 981 995
620: 50 164 168 197 243 285 342 346 349 439 452 459 523 539 588 675 707 708 731 745 813 959 973
621: 9 53 65 86 110 146 149 197 205 215 257 362 399 423 569 591 617 647 736 791 847 865 892 943 949 953
622: 71 112 116 124 240 262 376 408 428 467 477 482 505 509 536 539 540 565 573 584 643 730 783 793 851 856 863 870 884 944 983
623: 61 85 119 130 131 151 249 252 286 579 596 717 750 752 815 846 877 915
624: 40 115 136 144 158 189 202 338 364 374 453 479 493 563 612 722 799 925 960 996
625: 46 66 139 201 241 249 296 349 371 384 401 429 453 469 495 543 570 724 746 781 792 915
626: 8 55 91 143 213 292 419 427 439 450 464 474 481 585 646 715 763 867 938
627: 4 172 204 360 386 541 692 736 785 800 828 842 856 858
628: 42 85 155 204 209 231 387 441 442 535 536 718 764 816 856 969
629: 42 59 66 118 182 236 253 294 313 334 353 475 504 534 556 590 648 722 838 863
630: 137 145 162 196 276 330 346 384 415 473 497 548 577 587 607 641 645 663 716 729 806 851 894
631: 6 41 61 87 104 158 196 208 281 343 389 435 451 572 690 714 731 753 780 906 929
632: 89 232 241 346 353 405 410 439 560 643 709 767 778 802 853
633: 10 62 161 180 261 296 476 546 557 576 597 699 725 731 801 933 949
634: 12 104 128 181 182 194 227 250 265 359 493 558 593 605 677 886 991
635: 3 17 158 222 334 352 405 436 437 443 445 465 538 559 607 609 616 768 805 829 916 936 953 988
636: 92 142 156 165 198 233 298 457 466 472 567 568 583 610 711 858 911 915 939
637: 37 109 197 270 294 301 312 389 487 573 726 752 891 933 948
638: 130 135 208 240 242 317 392 415 521 567 598 652 701 755
639: 0 16 25 116 251 471 537 564 604 753 782 840 979
640: 37 51 112 148 201 211 298 340 377 391 403 446 507 557 570 576 704 766 809 824 833 851 984
641: 78 159 185 280 304 391 547 611 630 677 845 955 962 996
642: 27 148 156 159 188 217 280 306 358 371 395 454 495 541 603 614 617 667 807 810 903 965 980
643: 1 43 65 100 102 223 253 271 297 426 442 541 599 622 632 660 710 816 835 899 958 975 977
644: 0 3 5 34 76 140 180 219 269 275 290 415 422 440 468 557 654 656 673 758 867 896 943 983
645: 32 61 67 74 117 198 216 249 269 280 371 450 453 558 610 630 720 725 732 790 903 922 936
646: 12 48 83 175 202 284 355 426 446 476 514 562 616 626 678 685 747 785 969
647: 77 103 175 189 219 285 375 377 394 458 474 497 500 615 621 804 824 929 948 971 979 998
648: 9 54 106 177 225 272 310 311 317 322 481 566 578 599 629 777 870 967
649: 20 26 147 150 154 221 257 267 285 329 595 655 742 750 782 799 819 868 870 874 952 959 977
650: 59 216 288 331 337 420 436 523 549 716 767 775 824 879 913
651: 3 4 29 38 48 59 171 219 252 282 322 335 385 425 444 502 615 663 784 812 830 843 872 950
652: 27 168 203 238 441 449 474 578 587 592 597 638 730 737 752 870 913 922 958 963
653: 33 100 117 121 201 268 272 278 297 312 381 397 412 474 662 663 683 704 711 802 899 988 998
654: 66 69 114 161 177 216 237 241 257 292 304 354 422 472 526 575 644 790 804 825 837 858 877 889 990
655: 121 150 170 179 189 201 219 374 649 701 732 761 764 781 784 819 830 909 941
656: 3 14 68 106 130 154 191 309 321 339 347 403 420 485 538 613 644 687 774 803 932 957 968 997
657: 125 143 180 188 280 282 292 419 437 439 466 553 716 724 777 859 907 979
658: 10 27 126 151 191 238 292 361 462 551 590 663 675 700 830 839 903 910 915 966 995
659: 51 65 90 102 141 151 184 373 382 526 537 586 685 751 847 866 904 912 975
660: 9 13 81 123 145 247 260 396 431 449 459 504 531 545 551 572 598 643 863 900 918
661: 58 96 97 101 216 243 246 247 266 295 331 335 338 351 381 458 499 527 535 769 770 834 860 886 890 919 959
662: 85 127 130 361 367 427 451 463 529 653 731 738 780 811 838 877 942 964 968
663: 11 80 284 333 449 482 558 564 602 630 651 653 658 681 700 834 918 936 939 952
664: 2 18 46 54 59 63 76 99 214 245 267 358 389 547 561 618 714 807 814 905 907
665: 52 119 195 199 369 575 694 704 753 760 780 804 978
666: 38 71 77 140 147 169 280 303 365 395 410 526 578 740 754 758 810 918 968
667: 18 68 70 206 247 273 277 302 336 424 509 602 642 695 698 866 919 948 971 975
668: 12 62 73 270 346 399 505 586 671 676 722 770 925 926
669: 1 5 21 82 259 268 308 346 398 446 455 564 573 580 691 704 713 728 758 783 827
670: 54 83 116 156 159 170 185 253 276 362 367 370 388 410 427 555 611 793 847 868 918 922 947 976
671: 10 15 35 47 59 156 227 260 327 353 388 459 546 576 619 668 764 778 781 819 859
672: 50 83 91 95 249 401 441 458 563 728 901 997
673: 70 75 91 109 140 175 177 199 214 314 362 366 402 429 560 591 592 593 644 679 697 731 885 915 975
674: 2 27 99 159 206 237 319 375 384 439 451 523 560 691 741 770 854 904 930 941 945 980 989
675: 108 130 217 275 295 348 402 545 567 591 618 620 658 691 692 768 801 868 921 931 944 946
676: 31 88 89 125 149 208 358 447 450 474 489 495 668 692 754 769 779 793 823 893 963 971
677: 11 24 171 248 310 328 372 376 393 512 598 634 641 706 757 801 825 848 997
678: 139 158 214 262 269 285 338 357 389 557 646 776 784 808 890 935 987 990
679: 52 169 175 237 299 302 314 320 403 464 607 619 673 731 749 866 881 922 925
680: 96 247 253 288 381 389 451 493 520 562 594 694 712 726 731 824 884
681: 7 99 110 128 238 248 265 348 481 501 554 567 602 663 750 752 773 786 851 887 904 917 966 979
682: 30 111 114 127 135 155 251 258 266 350 410 465 467 502 526 539 771 809 810 958 993
683: 65 94 104 122 253 263 384 386 398 435 447 513 653 691 698 816 822 852 936
684: 54 57 252 257 283 287 299 322 458 520 525 552 561 597 689 707 742 784 880 975
685: 50 67 139 239 266 309 458 552 553 557 577 588 646 659 875 886 953
686: 69 163 346 426 434 445 487 503 700 773 795 900 905 911 940 946
687: 27 41 53 172 259 276 291 366 392 422 465 479 498 503 656 768 775 951 954 957
688: 104 162 216 224 301 441 474 477 522 603 608 700 730 744 746 767 858 870 890
689: 37 58 88 91 109 272 296 326 341 392 441 528 684 694 738 756 763 769 781 846 889
690: 15 50 110 178 201 342 440 544 572 576 580 608 611 631 704 716 832 860 992
691: 158 179 219 286 333 343 378 428 482 488 555 581 669 674 675 683 745 820 883 925 942 985
692: 42 44 118 170 297 301 328 333 351 352 407 425 439 443 489 507 559 627 675 676 741 743 758 775 776 829 844 892 967
693: 104 116 140 219 222 224 252 295 344 498 580 582 598 726 734 748 792 845 856 861 929 932 940
694: 29 109 115 122 185 207 329 334 404 503 548 587 596 665 680 689 709 717 751 817 854 902 975 994
695: 48 56 152 242 291 328 338 371 489 517 577 615 667 837 841 857 979
696: 5 10 41 190 280 372 376 591 606 725 740 821 892 947 991
697: 22 53 90 124 131 254 316 497 513 560 570 673 710 723 773 808 856 860 968 977
698: 16 113 197 266 364 371 438 478 525 667 683 805 836 876 954 999
699: 3 25 55 270 345 633 703 713 757 770 788 793 818 868 961
700: 3 18 34 95 97 122 156 234 240 321 363 372 397 503 584 615 658 663 686 688 796 798 859 940 946 949
701: 56 93 94 115 144 154 165 174 233 301 358 394 554 564 638 655 722 744 789 811 889 892 907 976
702: 67 94 97 132 165 196 242 264 404 417 443 474 486 490 532 571 605 728 771 781 813 862
703: 5 18 38 89 146 217 255 289 464 479 553 566 587 699 705 741 768 843 939 958
704: 18 26 44 51 193 277 287 313 385 408 496 521 546 611 640 653 665 669 690 706 807 825 833 842 864
705: 29 32 111 169 190 214 224 239 257 281 313 364 492 506 510 548 560 580 703 720 758 871 956
706: 31 42 69 73 188 234 251 297 328 333 349 385 389 511 606 677 704 730 759 770 775 860 866 976
707: 145 179 401 433 500 536 572 620 684 718
708: 52 103 134 242 300 353 368 431 437 475 479 491 493 506 538 558 564 584 586 613 620 712 717 732 745 764 790 806 828 878 944 962 986
709: 15 145 212 225 305 333 336 482 508 632 694 733 767 782 883 947
710: 9 59 169 176 197 276 298 354 412 440 469 643 697 740 745 749 837 851 861 862 864 927 934 960 985
711: 49 72 110 142 143 167 201 247 363 386 409 559 587 636 653 715 725 864 870 902 911
712: 41 64 80 95 120 170 221 271 277 344 392 405 436 473 531 540 558 594 608 680 708 713 853 865 885 953 960
713: 249 284 359 450 669 699 712 758 901
714: 101 132 144 151 160 246 262 271 325 370 383 388 439 559 631 664 738 925 942 949 954 992
715: 85 156 168 200 203 234 280 330 368 410 449 484 490 559 626 711 733 772 870 887 966 974
716: 24 55 91 161 162 182 259 326 415 437 475 556 576 614 630 650 657 690 758 825 837 855 864
717: 1 22 74 101 125 284 337 432 436 454 623 694 708 821 868
718: 8 79 93 198 207 220 255 401 424 439 452 455 470 479 518 554 587 599 607 617 628 707 749 782 802 858 929 962
719: 94 215 248 281 406 428 465 470 519 521 533 550 595 753 775 817 845 853 875 879 996
720: 145 171 200 241 244 279 299 302 380 401 402 425 570 611 645 705 749
721: 11 69 162 278 305 313 391 405 581 586 594 597 727 738 748 750 789 814 861 877 896 944 952
722: 11 105 120 166 181 224 247 327 339 396 430 454 471 479 521 534 624 629 668 701 741 878 926
723: 74 123 289 322 364 429 475 551 570 573 609 697 743 788 794 883 908 943
724: 57 134 171 182 291 342 413 428 453 625 657 780 804 827 832 905 912 918 986
725: 26 51 71 89 126 140 189 255 339 355 364 372 406 477 561 587 605 633 645 696 711 758 779 895 902 940 957 959 978
726: 13 189 210 223 274 310 321 366 392 407 463 532 586 587 637 680 693 755 804 824 834
727: 86 177 205 216 241 406 501 510 721 782 817 821 907 911 917 918 926 939
728: 107 115 145 180 183 188 296 325 342 386 407 456 524 559 590 669 672 702 839 851 852 933 934 951 969 978 980
729: 8 88 111 176 216 277 280 441 495 545 630 761 776 808 809 839 874 881 898 968 998
730: 120 145 176 219 229 238 282 316 362 410 477 499 622 652 688 706 758 765 801 840 864 983
731: 103 281 291 381 421 451 620 631 633 662 673 679 680 754 829 995 996
732: 1 36 200 238 250 373 416 421 432 476 512 586 618 645 655 708 735 736 754 759 789 808 840 842 866 885 893
733: 77 93 105 130 177 260 295 300 490 535 571 592 605 709 715 769 794 819 824 906 961 984
734: 13 49 122 130 197 231 270 414 440 444 450 462 693 757 766 793 805 824 862
735: 159 202 485 556 558 590 593 732 745 838 858 868 890 926 970
736: 38 44 150 168 209 216 309 321 359 411 463 492 493 499 621 627 732 764 775 864 874 951
737: 3 62 79 124 169 228 256 267 317 348 394 424 591 614 652 785 801 832 858 875 909 913 929 947 952 995
738: 32 47 97 123 153 244 269 340 345 398 578 590 607 662 689 714 721 904 966 968
739: 85 147 152 272 349 378 402 435 443 537 559 610 758 835 897 939
740: 39 77 174 372 452 505 511 522 596 666 696 710 750 770 788 791 802 832 844 900 948 951
741: 33 58 167 178 280 286 369 370 522 563 581 674 692 703 722 780 824 885 905
742: 158 169 245 273 343 374 399 504 545 581 582 649 684 828 830 834 874 896 905 933
743: 2 26 28 57 61 74 104 180 198 272 305 480 500 579 596 692 723 756 885 968 995
744: 54 288 422 548 569 571 600 688 701 749 828 859 874 878 901 915 927
745: 61 79 221 253 285 323 421 587 602 620 691 708 710 735 800 834 948 970 989
746: 420 471 552 607 625 688 831 847 905 998
747: 31 35 44 103 141 202 231 253 280 423 544 599 646 775 830 840 891 933 936 942 945 958
748: 78 82 120 156 180 250 309 462 514 522 693 721 754 770 853 858 880 916 917
749: 95 129 279 290 317 347 352 384 444 475 516 679 710 718 720 744 805 828 857 890
750: 35 98 167 184 288 291 328 364 385 451 489 503 523 623 649 681 721 740 766 855 879 920 979 980
751: 43 124 148 154 197 233 299 369 380 383 414 424 447 500 530 659 694 871 912 919
752: 48 105 267 268 332 432 498 516 581 623 637 652 681 758 914 959
753: 15 109 130 185 345 416 430 527 541 545 581 631 639 665 719 761 799 858 866 887 990
754: 8 147 148 205 226 248 265 286 352 423 465 468 499 666 676 731 732 748 895 909 925 941
755: 40 63 65 125 175 214 266 357 443 455 457 462 499 502 542 555 557 591 596 603 638 726 819 821 852
756: 15 50 137 141 247 312 409 577 580 590 689 743 922 930 979 994
757: 52 66 138 212 236 305 398 455 456 467 470 488 495 677 699 734 807 920 953 997
758: 33 54 110 113 121 176 184 240 298 335 367 443 524 528 565 592 644 666 669 692 705 713 716 725 730 739 752 761
759: 2 3 61 152 159 170 195 305 355 407 489 567 596 706 732 777 925 951 978
760: 18 36 121 196 275 290 359 381 443 486 568 578 665 826 847 923 961 964 973
761: 6 38 45 97 99 139 157 206 272 423 490 533 655 729 753 758 826 903 908
762: 96 123 126 216 322 769 843 892 894 909 956
763: 268 284 296 310 338 339 370 393 424 464 471 537 579 606 626 689 815 843 876 880 947
764: 28 120 146 167 230 295 328 338 410 430 497 502 571 587 593 594 628 655 671 708 736 912 927
765: 20 27 38 61 123 158 163 229 275 365 384 399 444 448 502 521 558 730 885 928 947 988
766: 9 28 60 83 122 194 293 432 447 640 734 750 834 872 977
767: 80 113 122 146 151 247 352 369 391 426 439 594 595 632 650 688 709 782 840 865 934 937 949
768: 60 89 147 223 340 373 496 588 611 615 635 675 687 703 797 824 939 974
769: 33 86 244 315 333 338 389 414 425 471 494 661 676 689 733 762 780 847 872 969 993 996
770: 10 24 83 118 188 189 213 242 243 320 420 485 495 497 607 661 668 674 699 706 740 748 788 810 819 855 883 923 926 928 941 943
771: 28 85 94 206 310 328 358 447 546 682 702 819 996
772: 25 34 246 253 282 316 383 390 392 438 473 521 522 715 804 858 923 924
773: 25 65 227 261 428 439 469 580 681 686 697 824 972 980 985
774: 60 77 151 190 249 265 310 345 356 477 479 498 563 574 656 779 935 936 937 996
775: 30 128 179 183 204 220 223 322 372 505 534 650 687 692 706 719 736 747 788 790 799 850 879
776: 8 20 324 373 404 436 444 479 604 678 692 729 813
777: 143 198 206 265 271 340 406 442 493 523 529 537 648 657 759 802 832 871 873 882 960
778: 27 145 161 178 211 227 335 347 587 598 632 671 796 797 934
779: 46 102 110 117 142 187 242 354 367 379 392 394 446 574 609 676 725 774 925 928 961 967 970
780: 7 13 16 124 175 209 323 326 433 526 530 537 551 631 662 665 724 741 769 860 867 915 972 986
781: 11 28 99 104 160 218 231 380 391 492 496 545 553 560 625 655 671 689 702 895 943 953
782: 4 54 59 133 151 152 217 274 372 505 551 555 592 605 639 649 709 718 727 767 852 892 959 977
783: 88 116 129 159 185 259 297 383 385 395 483 494 622 669 823
784: 28 38 49 80 92 109 111 120 280 369 510 521 574 594 651 655 678 684 800 831 838 860 894 929 949
785: 61 109 189 302 439 446 466 474 534 544 551 605 627 646 737 790 808 809 832 864 893 947 977
786: 24 52 86 131 138 147 158 316 322 351 453 510 516 554 558 574 681 862 885 912 956 981
787: 9 30 126 143 242 313 332 378 381 402 470 563 595 607 801 894 902 907 995
788: 41 123 188 192 234 287 313 323 346 377 429 450 544 699 723 740 770 775 803 806 837 854 867 876 922
789: 38 80 174 220 282 298 385 394 413 488 538 575 701 721 732 968
790: 46 91 109 141 234 250 261 275 317 355 508 555 594 645 654 708 775 785 845 859 932
791: 70 191 273 294 324 347 360 395 403 409 424 438 468 512 531 558 568 585 621 740 892
792: 52 121 135 175 254 265 317 322 335 356 390 411 428 438 447 525 540 557 584 625 693 835 891 909 919 922 950 959
793: 19 42 112 182 223 243 290 291 315 319 434 483 525 534 564 622 670 676 699 734 883 902 924
794: 68 86 120 164 167 171 230 245 263 293 336 353 354 404 424 444 446 521 539 575 577 585 723 733 881 889 913 918
795: 42 80 94 149 181 199 234 298 389 445 513 515 577 591 686 844 930
796: 40 59 60 103 367 476 528 571 619 700 778 838 887 959
797: 4 37 59 89 380 466 471 556 768 778 806 830 843 901 903 930 933 938 959 988
798: 153 154 201 203 337 544 700 829 866 960 969 977 994
799: 44 95 121 277 319 338 414 456 498 536 594 624 649 753 775 807 841 884 914 923 930 938
800: 12 32 79 160 197 339 351 357 364 523 590 627 745 784 813 855
801: 23 89 102 138 208 499 557 619 633 675 677 730 737 787 813 831 858 869
802: 144 156 258 292 293 347 361 403 414 471 477 500 559 584 632 653 718 740 777 816 929 963 978
803: 32 83 221 242 251 258 324 367 385 419 424 496 575 576 656 788 805 826 909 921 990 997
804: 18 39 106 142 145 198 201 253 341 398 540 584 647 654 665 724 726 772 827 856 859 885 902 912
805: 15 28 30 40 64 79 87 119 186 190 221 264 310 311 353 396 407 530 533 550 596 635 698 734 749 803 806 944 954 997
806: 26 53 94 107 189 200 204 220 258 373 393 396 413 416 496 513 605 615 630 708 788 797 805 810 827 893 920 924 967
807: 3 22 42 92 146 247 248 317 371 408 480 501 524 592 642 664 704 757 799 814 891 903 968 991
808: 47 70 181 239 263 319 411 459 506 678 697 729 732 785 818 838 887 888 914 961 971
809: 43 204 220 222 265 269 279 386 391 437 495 524 612 640 682 729 785 892 996 999
810: 6 98 105 163 183 213 262 296 338 504 642 666 682 770 806 940 947 953 961 964
811: 20 47 179 280 379 532 545 551 590 662 701 822 915 920 964 986
812: 164 206 210 266 275 344 428 447 480 594 618 651 951
813: 9 28 59 417 525 620 702 776 800 801 923 952
814: 226 257 360 393 421 469 565 601 664 721 807 861 862 909 979
815: 160 212 213 287 342 355 359 419 444 530 608 623 763 857
816: 19 63 129 151 264 276 317 422 474 503 531 548 589 593 601 628 643 683 802 831 907 934
817: 4 224 311 424 466 506 543 694 719 727 824 854 911
818: 28 159 163 191 265 350 382 396 412 483 507 575 607 699 808 851 927 948
819: 108 170 212 225 241 245 264 326 362 371 405 468 496 611 649 655 671 733 755 770 771 835 931 958
820: 194 223 281 330 334 346 372 375 534 554 691 861 925 928 933 998
821: 187 244 289 314 329 400 424 433 491 527 558 602 608 696 717 727 755 925 955 975
822: 59 122 168 376 467 512 585 683 811 944 999
823: 19 21 192 284 345 383 400 411 426 538 547 587 618 676 783 846 896 946
824: 55 62 101 202 238 240 337 350 354 355 357 428 486 493 532 559 572 606 614 640 647 650 680 726 733 734 741 768 773 817 838 867 907 974 985
825: 129 135 310 380 390 394 462 553 596 654 677 704 716 855 875 882 919 938 973 983
826: 55 174 264 300 360 362 381 479 498 559 760 761 803 848 881 908
827: 117 177 279 283 301 330 335 361 466 612 669 724 804 806 897
828: 49 117 121 145 166 194 259 324 332 344 355 359 392 419 627 708 742 744 749 843 866 881 898 905
829: 63 76 87 134 209 505 556 568 591 599 635 692 731 798 845 935 983 995 998
830: 69 119 184 258 290 298 435 462 477 537 651 655 658 742 747 797 851 875 893
831: 30 110 142 154 253 293 304 375 389 404 429 473 476 563 564 579 746 784 801 816 949 953 957 974 995
832: 32 122 163 171 175 332 449 690 724 737 740 777 785 835 907
833: 43 50 141 159 173 206 256 316 453 533 536 577 640 704 891 953
834: 45 145 179 184 198 207 272 398 410 512 593 661 663 726 742 745 766 843 889 946 974 997
835: 40 149 215 291 340 422 466 480 486 515 559 570 643 739 792 819 832 944 947 969 987 988 994
836: 21 71 72 124 147 341 373 391 414 441 458 470 547 551 610 698 892 904 910 924 943 945
837: 12 44 75 87 120 220 354 414 484 518 589 602 654 695 710 716 788 873 891 936 989 992 994
838: 13 67 98 136 179 212 252 270 323 472 556 591 618 629 662 735 784 796 808 824 935
839: 39 52 79 107 126 151 169 307 374 414 485 532 573 658 728 729 864 894 923 928 933
840: 90 92 153 168 235 257 307 360 384 442 448 476 512 515 521 535 539 603 639 730 732 747 767 853 858 907 918 995
841: 31 59 104 118 185 249 294 304 370 491 500 529 545 695 799 886 975
842: 6 39 82 110 287 319 342 387 428 437 494 605 627 704 732 856 923 977 990
843: 51 285 301 421 438 475 523 569 594 651 703 762 763 797 828 834 864 866 904
844: 65 235 332 429 611 692 740 795 846 855 856
845: 69 90 146 153 181 189 194 200 242 273 381 413 443 551 641 693 719 790 829 869 890 921
846: 81 103 123 146 166 316 343 358 386 398 406 623 689 823 844 926 931 953 969
847: 11 95 120 198 226 259 345 374 382 413 532 621 659 670 746 760 769 852 887 892
848: 7 168 219 228 247 354 402 403 414 468 524 677 826 874
849: 14 19 44 59 106 129 222 226 231 240 267 269 480 852 903 908
850: 53 81 112 205 251 317 328 337 387 513 527 561 775 888 897 925
851: 6 38 60 61 191 340 364 399 402 463 475 552 622 630 640 681 710 728 818 830 863 984 998
852: 163 200 232 234 244 274 291 312 313 387 418 540 683 728 755 782 847 849 987
853: 158 169 213 254 281 285 315 330 393 397 442 446 541 632 712 719 748 840 870 887 908 974
854: 56 70 165 180 198 229 239 323 335 560 575 674 694 788 817 931 987
855: 34 73 79 122 153 159 171 213 323 333 335 347 400 466 473 601 716 750 770 800 825 844 860 866
856: 2 14 76 88 114 155 233 247 288 325 426 462 577 594 622 627 628 693 697 804 842 844 878 880 913 932 970
857: 22 139 168 220 259 263 284 305 350 365 380 428 458 494 554 695 749 815 863 921 989
858: 31 48 54 73 143 185 187 278 315 420 453 462 496 587 592 598 602 609 627 636 654 688 718 735 737 748 753 772 801 840 873 960
859: 1 12 111 122 148 272 302 343 377 439 460 517 526 548 616 657 671 700 744 790 804 906 934 984 995
860: 24 150 316 356 412 529 589 592 661 690 697 706 780 784 855 869 878 918 952 960 976 982 984 985
861: 147 203 247 260 382 440 460 466 590 693 710 721 814 820
862: 26 54 150 157 158 179 216 269 417 428 429 431 493 495 598 702 710 734 786 814 901
863: 41 83 123 151 250 354 360 413 478 543 606 622 629 660 851 857 877 882 932 978 997
864: 106 140 339 348 383 457 478 565 704 710 711 716 730 736 785 839 843 903 940 948 989
865: 83 170 211 221 276 372 544 600 621 712 767 883
866: 120 315 338 480 576 589 659 667 679 706 732 753 798 828 843 855 914 984 987
867: 93 269 311 498 502 579 613 626 644 780 788 824 902 951 967 993
868: 1 9 10 13 39 75 125 151 160 191 252 267 301 366 437 605 649 670 675 699 717 735 945 950 982
869: 51 65 71 78 185 198 224 342 352 457 484 508 516 549 598 619 801 845 860
870: 21 55 86 139 196 200 236 255 392 464 466 469 498 511 615 622 648 649 652 688 711 715 853 924 960
871: 133 207 261 263 286 345 381 429 576 592 603 705 751 777 966
872: 37 121 148 187 216 260 261 329 343 355 497 499 500 571 612 615 651 766 769 894 910 954 966
873: 34 35 90 138 168 192 313 348 380 403 471 586 593 777 837 858 893 982
874: 52 57 122 205 222 298 301 370 401 452 490 519 522 526 545 596 649 729 736 742 744 848 884
875: 121 143 194 196 246 268 368 405 449 459 525 563 576 596 685 719 737 825 830 882 896 912 942 945 953 998
876: 1 8 39 103 208 279 293 345 360 404 432 463 471 472 533 538 572 591 698 763 788 919 933 992
877: 41 74 98 103 187 325 335 364 365 520 523 532 584 623 654 662 721 863 893 923 930 933 998
878: 75 126 188 196 203 209 214 220 241 260 279 333 392 432 489 530 547 550 708 722 744 856 860 882 883 996
879: 13 41 87 112 162 177 197 209 366 368 425 479 523 530 576 614 650 719 750 775 887 907 919 969
880: 22 25 65 95 142 144 156 190 225 253 283 296 355 398 405 465 498 515 536 684 748 763 856 930 989
881: 44 105 112 126 136 170 255 270 518 534 569 574 613 679 729 794 826 828 964 996
882: 64 94 157 163 253 258 284 400 516 543 777 825 863 875 878 974 989
883: 62 66 164 274 276 307 326 365 501 567 691 709 723 770 793 865 878 893
884: 53 62 181 282 439 566 596 622 680 799 874 934
885: 47 95 100 121 126 308 328 376 427 471 472 673 712 732 741 743 765 786 804 912 913 924 939
886: 1 36 110 132 149 214 249 256 343 370 383 447 474 516 563 585 597 634 661 685 841 937 954
887: 7 24 98 128 184 187 193 419 446 516 530 571 590 681 715 753 796 808 847 853 879 902 916
888: 207 227 254 360 497 558 610 619 808 850 987
889: 36 127 164 175 180 229 275 315 382 419 420 488 610 654 689 701 794 834 967 990
890: 77 106 127 158 197 214 258 313 330 396 562 661 678 688 735 749 845 921 965 968 972 991 997
891: 110 136 165 186 336 340 354 409 415 416 441 509 529 586 608 637 747 792 807 833 837 944
892: 41 93 128 154 168 218 344 476 571 590 621 692 696 701 762 782 791 809 836 847 894 992
893: 29 89 107 108 189 229 234 264 318 428 459 477 507 517 524 535 547 560 676 732 785 806 830 873 877 883 969 970
894: 79 107 116 123 136 220 286 326 453 467 484 509 545 574 606 630 762 784 787 839 872 892 905 971 999
895: 53 66 87 152 208 240 301 332 347 351 391 418 497 596 616 725 754 781 965
896: 66 67 92 238 251 254 285 291 366 459 507 519 609 644 721 742 823 875 958 970 991
897: 22 145 172 182 238 274 276 297 324 372 388 501 571 608 739 827 850
898: 110 138 140 281 293 396 401 408 471 480 493 729 828 924
899: 11 85 140 245 362 508 513 546 550 583 618 643 653 911 924
900: 27 61 116 118 154 167 206 335 368 387 397 402 481 482 541 660 686 740 983
901: 32 45 94 140 144 177 187 214 277 348 379 438 532 617 672 713 744 797 862 905 909 947
902: 3 17 69 214 261 330 521 530 694 711 725 787 793 804 867 887 944 962
903: 51 88 102 161 200 242 279 326 444 445 505 526 569 581 616 642 645 658 761 797 807 849 864 962 985 990
904: 45 131 160 211 221 282 323 350 368 378 393 453 460 478 578 659 674 681 738 836 843 935
905: 0 50 114 209 341 393 559 571 664 686 724 741 742 746 828 894 901 941 971
906: 5 169 223 288 346 360 526 608 631 733 859 965 988 990
907: 118 119 198 222 228 305 323 324 427 429 483 608 657 664 701 727 787 816 824 832 840 879 937 950
908: 50 54 60 134 146 166 479 489 535 562 586 606 723 761 826 849 853 974 997
909: 43 73 86 142 155 248 334 425 449 508 513 549 611 655 737 754 762 792 803 814 901
910: 9 22 42 50 59 67 95 114 175 180 241 244 280 339 520 523 576 658 836 872 954 970
911: 16 149 188 281 289 367 401 404 602 636 686 711 727 817 899 919 945
912: 25 28 55 75 165 284 341 434 461 492 529 604 659 724 751 764 786 804 875 885 971
913: 16 17 58 136 146 271 289 475 548 570 650 652 737 794 856 885 955 994 998
914: 100 127 204 211 288 317 365 419 490 522 606 752 799 808 866 923 926 927 947 972
915: 225 235 244 321 377 403 491 623 625 636 658 673 744 780 811 926 989
916: 2 15 44 183 224 239 406 467 579 586 635 748 887
917: 71 116 131 137 150 252 285 303 321 458 492 592 681 727 748 933 943 978
918: 96 104 107 148 203 209 231 250 263 279 485 518 619 660 663 666 670 724 727 794 840 860
919: 231 283 385 405 430 559 569 586 601 661 667 751 792 825 876 879 911 928
920: 13 14 15 49 196 233 313 329 356 409 425 438 486 509 556 750 757 806 811
921: 13 15 17 126 176 207 212 276 278 321 332 338 396 446 472 510 675 803 845 857 890 956
922: 125 134 144 218 239 246 500 560 645 652 670 679 756 788 792 971
923: 95 234 273 292 331 399 414 482 485 760 770 772 799 813 839 842 877 914 931 937 963
924: 61 99 158 174 446 502 518 608 772 793 806 836 870 885 898 899 957
925: 39 109 111 160 177 413 436 615 624 668 679 691 714 754 759 779 820 821 850 959 989
926: 188 217 304 343 363 391 395 402 461 492 517 554 569 579 583 668 722 727 735 770 846 914 915
927: 31 61 135 146 159 168 206 248 261 286 329 334 387 430 442 450 608 612 710 744 764 818 914 960
928: 27 44 156 167 244 296 317 324 405 431 462 486 542 765 770 779 820 839 919 945 976 996
929: 33 42 102 131 150 189 206 347 354 357 366 505 520 537 553 582 594 631 647 693 718 737 784 802
930: 4 41 186 196 238 249 313 333 355 402 416 422 478 493 521 528 539 546 674 756 795 797 799 877 880 940 977 999
931: 18 19 65 134 139 215 226 269 376 390 498 595 599 607 675 819 846 854 923
932: 0 43 59 66 150 180 221 223 227 249 319 391 418 602 656 693 790 856 863 947
933: 37 88 133 230 297 354 463 475 569 603 633 637 728 742 747 797 820 839 876 877 917 979 983
934: 58 150 170 255 269 276 546 710 728 767 778 816 859 884 936
935: 15 31 163 298 340 406 475 492 524 558 610 611 678 774 829 838 904 948 955
936: 102 150 174 248 274 313 324 331 352 367 401 429 501 596 635 645 663 683 747 774 837 934 988
937: 23 38 163 194 295 316 470 561 599 767 774 886 907 923 967
938: 56 119 146 162 236 359 416 439 474 484 533 536 539 568 575 614 617 626 797 799 825 992
939: 8 64 110 141 219 237 298 319 371 537 585 593 636 663 703 727 739 768 885 956 980 991
940: 31 70 102 243 332 379 384 424 475 561 686 693 700 725 810 864 930 955 963
941: 37 99 140 152 155 159 229 249 270 286 288 344 355 471 508 539 569 655 674 754 770 905 945
942: 8 69 98 102 120 285 310 337 362 385 423 431 524 662 691 714 747 875 967 989
943: 39 118 140 204 228 259 370 411 434 465 503 555 577 584 585 621 644 723 770 781 836 917
944: 11 49 94 106 121 269 286 353 362 516 581 622 675 708 721 805 822 835 891 902 954 997
945: 29 40 74 79 116 118 141 195 207 219 224 313 364 374 403 424 461 489 597 609 674 747 836 868 875 911 928 941 947 971 989
946: 115 129 167 204 206 239 291 301 325 332 379 424 544 575 594 602 675 686 700 823 834 949
947: 35 72 79 80 88 132 141 142 189 271 290 322 349 431 508 581 670 696 709 737 763 765 785 810 835 901 914 932 945 961 971 986
948: 30 149 165 268 332 352 374 415 419 453 463 550 637 647 667 740 745 818 864 935 952 958 960
949: 3 15 131 190 211 246 414 419 438 457 499 535 621 633 700 714 767 784 831 946 954
950: 31 79 88 104 142 263 337 351 353 360 486 504 515 534 591 610 651 792 868 907
951: 27 79 98 208 215 223 300 440 491 513 543 581 617 687 728 736 740 759 812 867 970
952: 14 15 129 149 179 219 252 391 430 431 476 489 535 562 571 615 649 663 721 737 813 860 948
953: 10 53 72 112 126 159 191 250 310 357 447 454 456 481 521 552 599 621 635 685 712 757 781 810 831 833 846 875 977
954: 54 91 272 278 386 422 436 452 463 533 573 687 698 714 805 872 886 910 944 949 975 999
955: 44 88 149 242 249 264 323 376 385 394 397 483 493 535 619 641 821 913 935 940
956: 0 82 136 156 175 222 224 281 294 316 363 429 476 479 705 762 786 921 939 959 992
957: 25 114 232 237 275 379 415 424 431 454 535 550 600 656 687 725 831 924
958: 13 61 92 124 171 193 195 204 245 259 299 325 328 377 426 481 499 528 534 562 578 595 608 643 652 682 703 747 819 896 948
959: 78 322 346 348 451 530 561 600 620 649 661 725 752 782 792 796 797 925 956 962 963
960: 40 63 82 109 150 194 249 272 340 374 418 458 476 546 557 624 710 712 777 798 858 860 870 927 948 965
961: 60 146 268 333 389 393 454 460 534 699 733 760 779 808 810 947 990 993
962: 17 144 295 319 366 435 455 491 499 531 558 590 641 708 718 902 903 959 966 988
963: 0 8 27 46 98 116 137 185 187 195 217 228 363 384 467 493 577 652 676 802 923 940 959 975 993
964: 105 116 157 182 184 243 268 295 379 461 472 486 500 516 540 549 562 662 760 810 811 881 973
965: 32 58 105 121 150 174 186 199 215 268 271 274 305 315 317 326 378 406 543 549 556 580 619 642 890 895 906 960 974
966: 61 134 173 184 211 248 269 289 352 353 371 400 456 611 658 681 715 738 871 872 962
967: 102 113 124 160 209 342 344 390 411 538 618 648 692 779 806 867 889 937 942 972
968: 119 145 253 261 272 319 382 486 596 656 662 666 697 729 738 743 789 807 890
969: 108 110 117 138 189 328 392 394 430 443 465 519 544 545 610 628 646 728 769 798 835 846 879 893 982 993
970: 1 96 122 131 132 146 215 300 332 372 383 428 458 523 735 745 779 856 893 896 910 951
971: 16 19 127 132 158 160 166 181 220 283 309 316 379 395 436 580 613 647 667 676 808 894 905 912 922 945 947 987
972: 115 130 132 158 222 229 292 440 534 773 780 890 914 967
973: 4 20 98 104 152 184 185 202 219 237 343 373 400 410 583 597 615 618 620 760 825 964 981
974: 63 101 146 233 255 256 331 344 352 372 565 715 768 824 831 834 853 882 908 965
975: 82 88 89 104 384 517 521 526 560 643 659 667 673 684 694 821 841 954 963 978
976: 21 51 107 121 139 275 310 319 340 393 404 493 562 670 701 706 860 928 978
977: 75 93 131 234 242 245 265 273 281 323 398 436 443 513 595 643 649 697 766 782 785 798 842 930 953
978: 48 103 140 163 239 251 293 311 324 343 436 476 500 545 665 725 728 759 802 863 917 975 976
979: 67 135 190 195 281 283 334 349 350 380 389 490 501 639 647 657 681 695 750 756 814 933
980: 28 80 85 141 262 405 421 425 507 611 642 674 728 750 773 939
981: 31 75 101 115 118 146 174 194 216 249 251 302 325 342 353 480 611 619 786 973
982: 16 38 192 210 215 305 324 340 355 367 435 436 462 463 479 500 535 566 574 608 860 868 873 969 983
983: 7 70 145 226 439 451 469 569 607 622 644 730 825 829 900 933 982
984: 34 42 91 180 182 231 314 342 350 358 360 385 402 461 548 583 585 640 733 851 859 860 866
985: 74 125 193 197 204 222 226 243 368 374 375 376 380 451 477 593 691 710 773 824 860 903
986: 70 240 280 403 579 590 708 724 780 811 947
987: 17 50 108 197 253 445 536 561 618 678 835 852 854 866 888 971
988: 49 85 106 131 139 190 253 279 290 428 458 481 487 573 588 635 653 765 797 835 906 936 962
989: 48 169 257 264 366 388 434 442 472 487 520 555 569 580 674 745 837 857 864 880 882 915 925 942 945
990: 12 139 173 195 237 314 343 442 481 556 586 587 654 678 753 803 842 889 903 906 961
991: 5 65 78 94 142 288 469 485 490 531 540 542 634 696 807 890 896 939
992: 51 58 211 329 333 346 355 478 495 548 595 610 690 714 837 876 892 938 956 996
993: 104 166 179 221 275 278 295 309 321 406 505 512 682 769 867 961 963 969
994: 54 71 155 191 224 228 243 258 267 403 454 466 505 512 562 694 756 798 835 837 913
995: 71 142 210 245 255 266 392 397 427 429 443 514 584 619 658 731 737 743 787 829 831 840 859
996: 9 78 106 118 158 201 202 242 252 309 377 469 506 516 595 624 641 719 731 769 771 774 809 878 881 928 992
997: 14 32 97 171 332 392 613 656 672 677 757 803 805 834 863 890 908 944
998: 37 52 68 144 257 272 282 303 312 313 337 347 349 418 471 528 574 647 653 729 746 820 829 851 875 877 913
999: 87 98 138 152 322 326 345 446 472 507 598 698 809 822 894 930 954
