0: 19 34 115 131 246 394 434 689 760 859 988
1: 177 264 353 359 371 463 510 626 713 737 797 823
2: 52 123 196 235 298 535 614 616 655 683 844 983
3: 189 263 417 460 590 703 720 837
4: 19 75 123 177 190 505 529 681 927
5: 11 20 27 63 769 845 913 990
6: 75 524 535 563 691 756 810 977
7: 137 219 344 412 629 720 761 973
8: 54 113 218 251 357 400 413 525 578 730 924
9: 159 178 182 369 399 433 537 792 801
10: 393 742
11: 5 155 164 170 277 319 324 502 520 718 789 836
12: 35 368 373 441 571
13: 424 454 552 606 648 969
14: 20 56 85 107 122 387 443 529 635 741 746 871 969
15: 53 138 186 432 441 455 520 584 595 890 904
16: 384 409 413 467 501 613 632 840 992
17: 18 85 161 168 214 299 375 455 510 636 694 702 980
18: 17 81 138 154 166 398 428 526 589 604 729 743 745 753 810 880 895
19: 0 4 28 169 266 303 383 393 408 455 503 537 551 631 767 993
20: 5 14 45 119 325 482 502 538 588 661 838 849 889 981
21: 68 309 422 511 595 617 695 762 803 916 939
22: 417 495 699 815 875 950
23: 217 219 638 759 775 944 963 980
24: 48 88 119 186 246 429 465 624 635 818 921 981
25: 318 378 415 471 561 823 902 914 974
26: 62 88 104 150 174 210 215 422 464 518 589 599 809 942 968
27: 5 359 406 543 680 731 930
28: 19 102 166 248 306 413 494 511 602 611 654 777 808 959
29: 41 63 71 170 183 275 307 386 588 775
30: 54 61 160 304 356 417 489 544 603 831
31: 184 187 352 582 649 780 840 925 949
32: 42 118 276 284 320 352 485 491 697 769 780 933 985
33: 128 148 285 320 566 614 683 767 892 942 946
34: 0 206 249 269 380 437 485 527 620 636 787 843 943 952
35: 12 36 47 51 205 244 320 334 335 426 519 564 657 683 830 848 891 924 951 981
36: 35 197 615 675 761 799 835
37: 39 57 206 269 426 460 514 728 769 973 974
38: 347 467 702 932
39: 37 172 197 388 398 408 571 605 637 729
40: 46 71 203 205 250 403 489 517 687 689 708 820 858 925
41: 29 303 328 375 441 741 794 859
42: 32 64 83 256 340 443 444 522 753 866 908
43: 239 296 345 616 646 647 865
44: 118 132 148 155 256 306 320 322 383 412 574 735 772 786 962
45: 20 50 127 254 318 407 497 904 978 982
46: 40 82 129 248 273 445 506 545 668 748 757 806 823 833
47: 35 112 121 147 219 414 620 729 780
48: 24 225 234 336 412 531 623 662 803 817 893 926
49: 83 177 220 226 228 246 274 327 528 536 656 668 705 918
50: 45 110 352 482 489 640 701 715 838 858 866
51: 35 103 117 280 316 364 516 607 651 728
52: 2 158 254 316 436 529 558 631 635 855 893
53: 15 156 354 619 687 795
54: 8 30 192 212 349 361 384 608 706 893 966 991
55: 101 228 286 339 455 467 471 540 600 638 760 795 816 997
56: 14 168 198 231 330 455 563 680 727 928 934
57: 37 162 180 201 205 420 643 761
58: 147 200 428 525 542 550 577 810 902
59: 176 265 422 444 470 800 969
60: 213 252 302 334 754 760 809 831 836 846 848 929
61: 30 64 71 127 266 306 392 426
62: 26 171 377 382 432 449 562 611 688 959
63: 5 29 163 253 450 516 540 642 755 789 794 995
64: 42 61 141 163 211 351 483 720 775
65: 103 366 397 513 542 581 660 697 784 928
66: 72 148 202 231 278 377 571 607 732 793 865 869
67: 171 209 239 377 402 467 558 562 625 652 675 749 797 830 943
68: 21 107 112 209 389 566 629 941
69: 113 287 752 863 959
70: 97 162 168 202 277 281 743 794 864
71: 29 40 61 78 151 546 550 749 780
72: 66 110 218 255 340 432 461 650 702 799 842 919
73: 82 199 282 314 475 507 525 621 686 906
74: 229 245 340 370 378 408 533 648 657 762
75: 4 6 177 319 397 446 549 684 766 895
76: 156 276 285 458 548 574 754 762 764 816 939 952 959 975
77: 80 158 349 363 666 815 931 945
78: 71 101 215 706 718 781 831 869 880 949 999
79: 338 368 515 665 708 721 926
80: 77 419 703 806 850 884 971 985 998
81: 18 154 238 353 386 529 586 645
82: 46 73 114 145 161 166 184 292 416 523 555 647 689 704 796 909
83: 42 49 302 399 515 634 778 910
84: 132 233 458 538 588 604 694 913
85: 14 17 216 384 536 658 682 800 973
86: 263 329 398 547 551 705 786 837 859 881 971
87: 427 648 654 655 728 732 766 880 900
88: 24 26 114 120 131 386 609 733 766 821 850 935
89: 107 293 511 589 946
90: 113 153 247 423 536 595 778 999
91: 156 301 370 385 593 653 809 811 826 918 938
92: 152 365 442 485 673 703 925
93: 383 496 538 879
94: 136 178 341 346 441 511 675 799 853 899
95: 146 504 521 560 658 700 893
96: 173 200 503 593 670 703 775 815 819 886 979
97: 70 477 479 499 564 573 581 795
98: 152 173 252 285 382 488 531 980 990
99: 298 313 323 356 394 531 682 801 925 929 946
100: 280 316 361 398 494 513 672 756 799 851 872
101: 55 78 113 227 291 406 425 691 794 829 853 985 986 994
102: 28 195 224 294 512 652 985
103: 51 65 233 351 395 427 449 575 628 639 756 858 969
104: 26 128 268 345 427 433 548 618 760 867 965
105: 138 140 159 192 221 380 390 422 429 575 666 683 860 876 926
106: 148 389 457 853 928 987
107: 14 68 89 128 159 297 468 585 591 773 788
108: 114 350 484 654 810 934
109: 113 120 244 435 449 647 768 866 940 942 975
110: 50 72 184 217 278 301 353 434 451 714 757 883 884 950
111: 121 192 368 377 427 436 527 528 646 664 787 868 974
112: 47 68 132 147 264 281 419 841 991 994
113: 8 69 90 101 109 268 269 304 439 711 865
114: 82 88 108 135 198 352 398 594 634 678 682 721 763 781 784 862 872
115: 0 177 263 342 430 542 718 879 958 983 991
116: 125 456
117: 51 263 266 456 502 506 568 570 633 637
118: 32 44 128 149 206 406 435 707 734 796 950
119: 20 24 409 579 720 757 857 916
120: 88 109 296 391 538 575 577 580 791 841 954
121: 47 111 123 168 470 543 548 745 820 885 953
122: 14 212 359 588 623 645 702 829 837 936 991
123: 2 4 121 171 195 221 242 273 311 497 571 784 790 864 915 940 989
124: 131 147 178 332 573 618 700 711 827 901
125: 116 188 206 259 389 404 583 641 947 974
126: 142 169 353 416 656 685 689 715 777 815 942
127: 45 61 157 165 204 210 236 316 373 524 538 768 836 860 866 948 955 966
128: 33 104 107 118 419 426 495 648 660 670 751 757 870 890 958 984
129: 46 167 314 413 544 601 756 901
130: 237 380 428 499 534 957
131: 0 88 124 200 257 402 768 779 862 970
132: 44 84 112 138 385 805 871
133: 193 251 435 449 463 492 697 736 948 997
134: 450 502 902
135: 114 136 275 412 472 923 955
136: 94 135 241 302 413 654 751 766 813 998
137: 7 277 334 373 558 601 652 657 784
138: 15 18 105 132 156 257 436 437 444 492 513 666 782 824
139: 157 419 421 566 679 797
140: 105 281 304 364 369 387 495 556 964
141: 64 227 328 545 599 643 704
142: 126 149 257 313 399 479 482 589 590 608 653 661 760
143: 153 176 225 239 253 325 465 646 731 846 926 983
144: 166 205 474 582 608 791 888
145: 82 157 432 523 605 829 855 888
146: 95 324 381 620 628 663 748
147: 47 58 112 124 182 204 306 409 472 549 588 894 942
148: 33 44 66 106 196 359 380 398 436 739 794 820 927
149: 118 142 200 296 324 332 404
150: 26 174 195 347 375 780 817 833 858 872 886 951 965
151: 71 286 396 491 566 626 627 761 894 929
152: 92 98 249 507 635 864 889 920
153: 90 143 255 276 280 296 362 402 496 513 606 730 906 908 955 987
154: 18 81 219 373 388 408 445 481 519 587 637 648 763 887 915 959 986
155: 11 44 674 736 785 858 943 979
156: 53 76 91 138 232 386 472 687 773 796 853 894 912
157: 127 139 145 216 369 404 594 600 716 814 852
158: 52 77 367 510 523 611 737 759 867
159: 9 105 107 294 371 377 541 549 550 568 810 915
160: 30 227 276 366 413 636 790 791 942
161: 17 82 252 469 678 744
162: 57 70 547 575 633 724 906 964
163: 63 64 209 293 377 425 556 625 630 887 915
164: 11 204 337 644 729 949 960
165: 127 198 210 351 412 552 626 679 680
166: 18 28 82 144 351 354 394 418 673 807 890 905 974
167: 129 416 492 511 560 577 795 813 899 970
168: 17 56 70 121 236 402 468 540 850 868 894 930 932
169: 19 126 247 289 296 369 376 446 579 625 659 673 691 801
170: 11 29 174 203 467 520 521 648 736 754 784 958
171: 62 67 123 219 239 359 424 744 747
172: 39 207 542 557 615 729 910 953 983
173: 96 98 182 193 223 249 278 649 662 725 964
174: 26 150 170 296 301 392 476 514 788 798 799 962
175: 268 444 603 643 754 883
176: 59 143 232 311 445 656 674 712 988
177: 1 4 49 75 115 304 667 741 745 807 893 938
178: 9 94 124 267 447 548 635 688 790 800 831 990
179: 185 253 265 269 381 469 531 600 699 847 871 940 941
180: 57 198 429 690 853 994
181: 188 236 239 438 478 637 667 750 821
182: 9 147 173 306 398 575 604 740 812
183: 29 275 394 402 613 614 636 705 741 894 905 930 967
184: 31 82 110 219 260 478 559 627 910
185: 179 204 377 520 585 714 777 990
186: 15 24 192 368 509 572 750 756 819
187: 31 375 402 404 427 429 503 695 741 998
188: 125 181 296 297 319 428 615 761 774 800 855
189: 3 259 295 337 497 519 535 550 681 696 910 935 950
190: 4 224 364 365 454 523 587 866
191: 199 514 551 601
192: 54 105 111 186 209 294 484 493 646
193: 133 173 330 556 710 712 987
194: 261 440 697 728 761 763 851 935 955
195: 102 123 150 217 237 243 292 341 446 592 604 752 761 779 807 815 968
196: 2 148 211 225 227 495 597 666 827 868 986
197: 36 39 240 274 415 474
198: 56 114 165 180 305 380 397 453 463 689 726 818
199: 73 191 248 326 633 814 886 967
200: 58 96 131 149 213 293 429 481 526 597 603 612 942
201: 57 230 243 635 642 712 750 865
202: 66 70 204 288 540 563 760 826 858 997
203: 40 170 294 349 408 503 553 568 574 650
204: 127 147 164 185 202 236 281 309 352 575 747 752 769 776 786 885 935 957
205: 35 40 57 144 268 755 764 928
206: 34 37 118 125 305 320 553 653 889 971
207: 172 215 489 509 751 752 796 838 867 916
208: 248 289 417 681 760 913
209: 67 68 163 192 476 566 729 736 776 849 861 928
210: 26 127 165 236 318
211: 64 196 254 259 405 478 494 601 628 688 796 873 969
212: 54 122 213 391 423 655 676 752 795 829
213: 60 200 212 265 348 388 395 417 442 480 543 931 992
214: 17 271 325 349 552 568 610 628 694 738 802 868
215: 26 78 207 343 392 407 555 577 615 951
216: 85 157 240 249 253 415 441 509 586 643 660
217: 23 110 195 407 432 609 673 720
218: 8 72 655 877 954
219: 7 23 47 154 171 184 233 767 961
220: 49 235 482 575 638 722 831 845 954
221: 105 123 251 443 668 671 735 745 747 856
222: 265 305 557 661 768 822 835 942 946
223: 173 275 551 574 689 769 781 815 853 898 905
224: 102 190 451 617 963
225: 48 143 196 231 323 335 400 554 607 711 790
226: 49 306 309 315 321 507 626 643 657 687 689 745 755 874 900
227: 101 141 160 196 265 296 321 334 492 609 648 669 731 882 950 985
228: 49 55 234 249 367 628 637 922 989
229: 74 328 404 488 716 904 941 986
230: 201 233 253 355 594 622 967 972
231: 56 66 225 240 317 331 549 558 559 803 826 864 922 925
232: 156 176 346 352 465 639 799 855 891 958
233: 84 103 219 230 412 499 507 576 687 729 855 875 936 983
234: 48 228 256 281 467 510 534 597 615 677 922
235: 2 220 432 469 595 600 665 705 714 763 823 984
236: 127 168 181 204 210 367 385 481 530 557 592 637 665 696 751 903 970
237: 130 195 380 521 786 846 879 952
238: 81 268 325 574 675 712 741 887
239: 43 67 143 171 181 330 505 535 562 658 721 770 792 837 850 854 902
240: 197 216 231 285 566 947
241: 136 324 350 405 472 582 711 712 835
242: 123 498 507 516 543 831
243: 195 201 461 615 918
244: 35 109 259 323 328 367 462 470 765 864
245: 74 350 663 707 732 766 794 816 846 956
246: 0 24 49 348 480 491 564 595 713 901 921
247: 90 169 276 746 817 983
248: 28 46 199 208 451 534 540 555 610 735 752 757
249: 34 152 173 216 228 302 396 528 550 674
250: 40 479 503 596 717 960
251: 8 133 221 273 285 600 664 717 918
252: 60 98 161 350 472 510 548 647 751 859 898 901
253: 63 143 179 216 230 279 283 606 629 884 886 934
254: 45 52 211 302 312 370 392 466 553 572 647 681 719 729 815 880 957
255: 72 153 299 303 400 515 543 810 920 972 992
256: 42 44 234 465 656 685 820 977
257: 131 138 142 417 480 539 605 712 846 852 891
258: 260 307 319 364 441 445 525 545 635 921
259: 125 189 211 244 274 288 296 333 421 510 753 802
260: 184 258 481 633 651 671 756 767 939 950 968
261: 194 283 475 513 538 686 735
262: 338 440 637 854 932 960 991
263: 3 86 115 117 266 313 349 420 696 712
264: 1 112 285 429 602 797 867 882
265: 59 179 213 222 227 275 789 823 980
266: 19 61 117 263 293 366 601 628 750 864 869 922 978
267: 178 317 374 376 391 411 437 590 704 718 901 905 975 977 993
268: 104 113 175 205 238 606 672 786 862 872 926
269: 34 37 113 179 347 422 659 680 818 913 967
270: 342 428 450 456 568 699 707 837 855
271: 214 321 420 585 604 923
272: 318 738 830 845 897 963
273: 46 123 251 277 298 448 451 528 673 677 789 827 929 973
274: 49 197 259 286 392 393 501 513 525 611 692 780 792
275: 29 135 183 223 265 337 382 419 462 544 697 937
276: 32 76 153 160 247 426 467 570 604 655 743 763 906 937 958
277: 11 70 137 273 293 297 566 681 750 861
278: 66 110 173 283 284 351 403 424 465 784 808 824 866 900 934
279: 253 466 483 630 815 897 944 986
280: 51 100 153 299 336 549 653 743 748 862 884 906 941
281: 70 112 140 204 234 371 408 448 477 608 818 901 976
282: 73 508 539 601 662 779 887 981
283: 253 261 278 334 381 394 508 571 700 753 882 887 983
284: 32 278 288 324 526 749 766 767 787
285: 33 76 98 240 251 264 380 386 469 586 862 904 909
286: 55 151 274 382 432 452 510 527 592 616 621 656 812 869 923
287: 69 437 515 772 829 879
288: 202 259 284 465 535 602 637 799 835 922
289: 169 208 294 311 464 485 521 596 727 728 855 900
290: 299 304 382 472 644 654 726 763 795 800 839 886 939 981
291: 101 319 371 397 538 579 628 652 751 864 900 930
292: 82 195 376 410 447 648 711 738 853 865 916 918 964 999
293: 89 163 200 266 277 355 362 379 413 474 577 695 754
294: 102 159 192 203 289 337 349 540 553 804
295: 189 425 545 620 848 855 874
296: 43 120 149 153 169 174 188 227 259 406 412 554 568 569 671 736 964
297: 107 188 277 551 891 954
298: 2 99 273 374 386 491 775
299: 17 255 280 290 319 427 437 449 541 662 784 845 918 955
300: 356 446 450 478 563 615 625 739 917 928
301: 91 110 174 397 421 445 534 678
302: 60 83 136 249 254 358 375 386 459 538 576 610 810 851 922 940 989
303: 19 41 255 389 575 583 642 710 717 894
304: 30 113 140 177 290 724 852
305: 198 206 222 522 876 878 982
306: 28 44 61 147 182 226 321 401 429 467 661 915
307: 29 258 432 434 528 572 669 703 758 915 936 940
308: 382 400 602 737 774 782
309: 21 204 226 372 413 576 598 609 970
310: 378 395 397 525 582 660 666 674 683 737 786 796 894 927
311: 123 176 289 504 866 952 983
312: 254 412 627 655
313: 99 142 263 497 674 718 981
314: 73 129 575 959 990 997
315: 226 374 502 547 791 850 981
316: 51 52 100 127 419 465 867 970
317: 231 267 322 454 563 716 732 808 834
318: 25 45 210 272 346 464 542 588 653 721
319: 11 75 188 258 291 299 331 423 519 531 706 755 790 821 834 862
320: 32 33 35 44 206 366 532 549 551 589 666 735
321: 226 227 271 306 465 499 637 815 914
322: 44 317 356 393 408 475 541 766 796 902 923 986 991
323: 99 225 244 338 362 520 682 797 884
324: 11 146 149 241 284 408 414 595 653 749 865 978
325: 20 143 214 238 370 453 568 573 769 826 964 993
326: 199 345 370 450 460 515 583 677 840
327: 49 420 516 534 782
328: 41 141 229 244 337 343 418 743 779 928
329: 86 337 416 432 459 558 705 723 905 926
330: 56 193 239 469 485 581 667 742 807 839
331: 231 319 426 530 559 750 863 987 997
332: 124 149 509 725 784 805 890 904 914 920 945 982 999
333: 259 397 516 608 635 679 813 819 965 970
334: 35 60 137 227 283 373 436 763 791 838 861 937
335: 35 225 400 405 563 714
336: 48 280 363 444 735 770 800 870 874
337: 164 189 275 294 328 329 721 871
338: 79 262 323 404 523 599 614 785 880 888 925 991
339: 55 342 552 615 767 883
340: 42 72 74 613 703 895 926 960
341: 94 195 371 414 537 551 666 675 749 940
342: 115 270 339 646 778 891 937
343: 215 328 347 370 483 580 581 643 739 889 947
344: 7 454 505 507 622 736 770 850
345: 43 104 326 577 580 696 777 793 950
346: 94 232 318 536 605 609 711 931
347: 38 150 269 343 468 506 665 887 933
348: 213 246 817
349: 54 77 203 214 263 294 561 612 616 664 727 758 779 923 978
350: 108 241 245 252 356 360 444 608 619 680 686 754 851 853
351: 64 103 165 166 278 424 464 570 662 675 791 876 920
352: 31 32 50 114 204 232 358 544 637
353: 1 81 110 126 365 498 616 626 760 832 891 994
354: 53 166 401 443 492 522 688 735 757 769 770 778 780 787 791 846 997
355: 230 293 372 510 695 719 720 722 989
356: 30 99 300 322 350 383 400 440 485 624 733 772 855
357: 8 364 434 517 790 816 845 962
358: 302 352 466 529 530 553 624
359: 1 27 122 148 171 446 692 763 868 896 904 948 957
360: 350 401 472 516 672 728 800 890 959
361: 54 100 785 787 977
362: 153 293 323 606 611 715 741 787 859 896 943
363: 77 336 376 388 521 675 892 986 994
364: 51 140 190 258 357 399 553 600 933
365: 92 190 353 375 489 535 869 911 982
366: 65 160 266 320 371 456 490 514 861 927 953
367: 158 228 236 244 458 548 607 726 826 958
368: 12 79 111 186 396 508 646 739 823 831 914
369: 9 140 157 169 406 871
370: 74 91 254 325 326 343 428 640 890 995
371: 1 159 281 291 341 366 406 438 788 960 989
372: 309 355 391 411 445 561 603 628 642
373: 12 127 137 154 334 382 424 448 488 615 828 871 910 922 943 952
374: 267 298 315 611 659 678 824
375: 17 41 150 187 302 365 435 466 574 754 802
376: 169 267 292 363 454 582 906 911 914 946 951
377: 62 66 67 111 159 163 185 554 630 956 960
378: 25 74 310 644 903 912 943 980 984
379: 293 491 512 584 690 803
380: 34 105 130 148 198 237 285 417 575 604 952
381: 146 179 283 470 692 785 847 850 867 980 981
382: 62 98 275 286 290 308 373 471 513 616 815 919 991
383: 19 44 93 356 423 664 804 839 939 949
384: 16 54 85 780 797 850 879 889
385: 91 132 236 870 933 977
386: 29 81 88 156 285 298 302 395 396 402 668 830
387: 14 140 602 757 776 885 909
388: 39 154 213 363 399 440 501 552 639 675 736 759 817 885 899
389: 68 106 125 303 585 753 823 937 945 987
390: 105 613 622 713 797
391: 120 212 267 372 435 472 595 648 700 780 812 856 931 975
392: 61 174 215 254 274 416 492 566 607 652 695 745 824 992
393: 10 19 274 322 548 574 593 667 688 783 874 911
394: 0 99 166 183 283 717 780 810 959
395: 103 213 310 386 443 448 741 938
396: 151 249 368 386 466 502 549 578 646 894
397: 65 75 198 291 301 310 333 440 576 625 746 802 804 994
398: 18 39 86 100 114 148 182 420 479 690 755
399: 9 83 142 364 388 594 637 897 936
400: 8 225 255 308 335 356 522 566 664 719 932
401: 306 354 360 568 574 584 834 952
402: 67 131 153 168 183 187 386 469 476 548 594 635 757 791 927 986
403: 40 278 407 523 668 687 839
404: 125 149 157 187 229 338 462 529 543 550 641 789 873 924 944
405: 211 241 335 452 459 525 633 799 998
406: 27 101 118 296 369 371 464 532 585 638 678 838 905 910 957 984
407: 45 215 217 403 641 708 799 868 879 893
408: 19 39 74 154 203 281 322 324 473 530 590 778 887 942 973
409: 16 119 147 733 845 915 968
410: 292 671 788 951
411: 267 372 514 531 912 962 972 988
412: 7 44 48 135 165 233 296 312 419 589 629 651 675 695 899 975
413: 8 16 28 129 136 160 293 309 425 507 606 658 741 760 786 813
414: 47 324 341 482 491 539 583 585 809
415: 25 197 216 547 614 754 768 824 878 902 938
416: 82 126 167 329 392 421 447 502 534 540 592 697 848 911 985
417: 3 22 30 208 213 257 380 555 560 607 878 993
418: 166 328 485 863
419: 80 112 128 139 275 316 412 509 763 774 803
420: 57 263 271 327 398 422 425 567 641 669 835 894 999
421: 139 259 301 416 480 531 553 594 713 888 939
422: 21 26 59 105 269 420 594 654 679 979
423: 90 212 319 383 449 453 691 757 794 862 882 934
424: 13 171 278 351 373 461 588 710 817 999
425: 101 163 295 413 420 462 497 547 565 851
426: 35 37 61 128 276 331 429 498 833 845
427: 87 103 104 111 187 299 533 811 993
428: 18 58 130 188 270 370 527 537 669 762 770 799 800 930 943
429: 24 105 180 187 200 264 306 426 654 967 998
430: 115 437 516 565 716 809 861 965
431: 571 627 757 859
432: 15 62 72 145 217 235 286 307 329 488 929 984
433: 9 104 575 655 944
434: 0 110 307 357 688 696 752 815 854 872
435: 109 118 133 375 391 541 708 778 860 874 886
436: 52 111 138 148 334 443 539 564 698 888 893 919 939 984
437: 34 138 267 287 299 430 487 493 509 873
438: 181 371 442 659 730 833 947
439: 113 553 611 725 817
440: 194 262 356 388 397 554 586 800 998
441: 12 15 41 94 216 258 487 789 808 880 966
442: 92 213 438 457 481 573
443: 14 42 221 354 395 436 477 484 496 537 546 593 649 927
444: 42 59 138 175 336 350 545 878 892 900 939
445: 46 154 176 258 301 372
446: 75 169 195 300 359 465 524 612 717 759 855 864 957
447: 178 292 416 520 526 552 602 608 630 653 723 767 840
448: 273 281 373 395 550 639 681 739 788 863 930 949 960
449: 62 103 109 133 299 423 497 508 596 654
450: 63 134 270 300 326
451: 110 224 248 273 560 579 630 658 739 807 818 867
452: 286 405 567 633 927 934 965 976
453: 198 325 423 484 497 635 696 719 881
454: 13 190 317 344 376 455 477 781 972
455: 15 17 19 55 56 454 474 551 738 769 812 863 986
456: 116 117 270 366 579 585 596 649 680 902 983
457: 106 442 644 783 798 915 946 953
458: 76 84 367 547 883 911 917 932
459: 302 329 405 613 696 712 838
460: 3 37 326 534 673 704 754 809
461: 72 243 424 608 794 846
462: 244 275 404 425 594 886
463: 1 133 198 503 516 735 767 892 942
464: 26 289 318 351 406 689 729 826
465: 24 143 232 256 278 288 316 321 446 725 733 796 805 889 915
466: 254 279 358 375 396 633 636 727 866 914 929 982
467: 16 38 55 67 170 234 276 306 606 633 765 789 841 929
468: 107 168 347 652 653 662 739 919 965
469: 161 179 235 285 330 402 474 556
470: 59 121 244 381 497 511 795 932
471: 25 55 382 630 758 906 966
472: 135 147 156 241 252 290 360 391 667 681 977
473: 408 547 556 611 657 661 827
474: 144 197 293 455 469 486 625 715 882 951
475: 73 261 322 484 659 714 834 903 988
476: 174 209 402 887 903 992
477: 97 281 443 454 543 621 765 806 808 895 902
478: 181 184 211 300 512 535 696 952
479: 97 142 250 398 853 895 916 917 982
480: 213 246 257 421 482 589 595 658 933
481: 154 200 236 260 442 839 854 903 911
482: 20 50 142 220 414 480 500 581 585 613 835
483: 64 279 343 515 793 880 925 927
484: 108 192 443 453 475 485 638 791 793 834 909 962
485: 32 34 92 289 330 356 418 484 708 835 902 976 991
486: 474 843 911
487: 437 441 547 610 677 710 721 750 817 850
488: 98 229 373 432 567 639 688 745 993
489: 30 40 50 207 365 709 796 918
490: 366 589 929
491: 32 151 246 298 379 414 505 543 558 626 668 719 766 849 928 940
492: 133 138 167 227 354 392 561 569 620 637 680 722 941
493: 192 437 595 616 812 827 857 896 926
494: 28 100 211 540 584 814 815 856
495: 22 128 140 196 509 625 705 861 898
496: 93 153 443 563 748 781 913
497: 45 123 189 313 425 449 453 470 498 584 706 731 759
498: 242 353 426 497 509 524 555 594 697 723 762 802 819
499: 97 130 233 321 693 840 890 891
500: 482 748
501: 16 274 388 606 742 744 971
502: 11 20 117 134 315 396 416 521 536 547 812 815 906 934
503: 19 96 187 203 250 463 545 628 727 849 863 996
504: 95 311 545 576 591 715 831 848
505: 4 239 344 491 548 772
506: 46 117 347 760 835 859
507: 73 152 226 233 242 344 413 570 660
508: 282 283 368 449 551 571 685 718
509: 186 207 216 332 419 437 495 498 745 751
510: 1 17 158 234 252 259 286 355 520 524 638 771 777 824 866
511: 21 28 89 94 167 470 688 726 826 834
512: 102 379 478 607 712 771 774 925 989
513: 65 100 138 153 261 274 382 601 775 799 840 919
514: 37 174 191 366 411 521 592 640 797 825 967 995
515: 79 83 255 287 326 483 596
516: 51 63 242 327 333 360 430 463 573 578 631 825 865 963
517: 40 357 558 591 721 764 775 931 973
518: 26 646 705 786 892
519: 35 154 189 319 585 629 655 724 992
520: 11 15 170 185 323 447 510 574 763 797 822 947 995
521: 95 170 237 289 363 502 514 733 753 902 903
522: 42 305 354 400 775 923
523: 82 145 158 190 338 403 557 673 716 796 844
524: 6 127 446 498 510 825 889 914 937
525: 8 58 73 258 274 310 405 644 732 751 780 826
526: 18 200 284 447 604 790 871 917
527: 34 111 286 428 531 578 629 676 707 870
528: 49 111 249 273 307 597 603 607 697 965 974
529: 4 14 52 81 358 404 572 658 677 747 823 947 959
530: 236 331 358 408 665 816
531: 48 98 99 179 319 411 421 527 675 838
532: 320 406 604 674 816 824 941 970
533: 74 427 641 649 789 796
534: 130 234 248 301 327 416 460 577 601 730 880 964 967
535: 2 6 189 239 288 365 478 538 737 750 762 837
536: 49 85 90 346 502 547 625 847 939
537: 9 19 341 428 443 615 712 723 825
538: 20 84 93 120 127 261 291 302 535 578 620 807 840
539: 257 282 414 436 606 607 700
540: 55 63 168 202 248 294 416 494 588 617 712 818 888 975
541: 159 299 322 435 702
542: 58 65 115 172 318 782 858 859 887
543: 27 121 213 242 255 404 477 491 632 635 638 696 724 849
544: 30 129 275 352 567 712 890
545: 46 141 258 295 444 503 504 796 813 910
546: 71 443 641 689 693 696 722 780 867 938
547: 86 162 315 415 425 458 473 487 502 536 622 833 986
548: 76 104 121 178 252 367 393 402 505 562 580 598 600 681 787 792 816 838 954
549: 75 147 159 231 280 320 396 599 631 646 704 846 919 924
550: 58 71 159 189 249 404 448 873 933 963
551: 19 86 191 223 297 320 341 455 508 636 656
552: 13 165 214 339 388 447 908 973
553: 203 206 254 294 358 364 421 439 953
554: 225 296 377 440 573 714 821 915 937 945
555: 82 215 248 417 498 659 771 898 991 993
556: 140 163 193 469 473 679 684 937 964 989
557: 172 222 236 523 637 847 889 964
558: 52 67 137 231 329 491 517 586 639 760 969
559: 184 231 331 589 825 916 988 997
560: 95 167 417 451 716 924 937
561: 25 349 372 492 562 635 716 906
562: 62 67 239 548 561 588 622 661 837
563: 6 56 202 300 317 335 496 601 678 693 834 870 918 984
564: 35 97 246 436 618 675 729 980
565: 425 430 599
566: 33 68 139 151 209 240 277 392 400 720 766 790 840 858 978
567: 420 452 488 544 587 649 682 788 899 906 930
568: 117 159 203 214 270 296 325 401 748 762 770 852
569: 296 492 603 744 924
570: 117 276 351 507 572 716 818 852 929 949
571: 12 39 66 123 283 431 508 662 919 961
572: 186 254 307 529 570 703 710 845 897 939 949
573: 97 124 325 442 516 554 668 785 895 970 996
574: 44 76 203 223 238 375 393 401 520 575 667 683 891 924 977
575: 103 105 120 162 182 204 220 303 314 380 433 574 662 666 839 854 925
576: 233 302 309 397 504 952
577: 58 120 167 215 293 345 534 629 640 647 652 779 874 883
578: 8 396 516 527 538 673 808 839 917 969
579: 119 169 291 451 456 643 651 711 845 907
580: 120 343 345 548 654 735 824 922 944
581: 65 97 330 343 482 915 940
582: 31 144 241 310 376 630 760 788 884 936
583: 125 303 326 414 607 722 724 875 937
584: 15 379 401 494 497 658 750 835
585: 107 185 271 389 406 414 456 482 519 715 740 787 881 889
586: 81 216 285 440 558 705 904 905
587: 154 190 567 632 693 696
588: 20 29 84 122 147 318 424 540 562 667 691 693 847 860 888
589: 18 26 89 142 320 412 480 490 559 834 919 976
590: 3 142 267 408 670 673 700 775 848 857 946
591: 107 504 517 771 773 850 917
592: 195 236 286 416 514 686 828 834 930
593: 91 96 393 443 625 638 726 770 813
594: 114 157 230 399 402 421 422 462 498 986
595: 15 21 90 235 246 324 391 480 493
596: 250 289 449 456 515 773 788 814 851 909 976
597: 196 200 234 528 780 831
598: 309 548 658 713 741 910 946
599: 26 141 338 549 565 774
600: 55 157 179 235 251 364 548
601: 129 137 191 211 266 282 513 534 563 704 713 861 942
602: 28 264 288 308 387 447 690 804 956 998
603: 30 175 200 372 528 569 664 685 847 948 959
604: 18 84 182 195 271 276 380 526 532 755 788 794 834
605: 39 145 257 346 754 770 847 854
606: 13 153 253 268 362 413 467 501 539 614 658 794 888
607: 51 66 225 367 392 417 512 528 539 583 642 837 920
608: 54 142 144 281 333 350 447 461 610 613 663 748 756 773 801 850 853
609: 88 217 227 309 346 858
610: 214 248 302 487 608 729 843 938 961
611: 28 62 158 274 362 374 439 473 842
612: 200 349 446 668 688 722 791 810 948
613: 16 183 340 390 459 482 608
614: 2 33 183 338 415 606 716 777 960 994
615: 36 172 188 215 234 243 300 339 373 537 732 845 876 961
616: 2 43 286 349 353 382 493 893 942 985
617: 21 224 540 720 733 833 933
618: 104 124 564 662 672 674 702 801
619: 53 350 843
620: 34 47 146 295 492 538 658 727 949 960 997
621: 73 286 477 965 985
622: 230 344 390 547 562 689 862 868
623: 48 122 738 757 793
624: 24 356 358 721 745 957
625: 67 163 169 300 397 474 495 536 593 845
626: 1 151 165 226 353 491 646 725 815 868 893 985
627: 151 184 312 431 637 761 818 997
628: 103 146 211 214 228 266 291 372 503 737 776 825 826 829
629: 7 68 253 412 519 527 577 721 750 909 995
630: 163 279 377 447 451 471 582 823 892 916
631: 19 52 516 549 676 754 765 779 883
632: 16 543 587 816 833 877
633: 117 162 199 260 405 452 466 467 682 714 737
634: 83 114 817 911
635: 14 24 52 152 178 201 258 333 402 453 543 561 697 708 738 919
636: 17 34 160 183 466 551 637 880
637: 39 117 154 181 228 236 262 288 321 352 399 492 557 627 636 768 771 830 966
638: 23 55 220 406 484 510 543 593 674 785 919
639: 103 232 388 448 488 558 649 673 803 919 961
640: 50 370 514 577 729 968
641: 125 404 407 420 533 546 750 887 942 961 982
642: 63 201 303 372 607 649 861 999
643: 57 141 175 216 226 343 579 880 976 982
644: 164 290 378 457 525 853 885 986
645: 81 122
646: 43 111 143 192 342 368 396 518 549 626 855 973
647: 43 82 109 252 254 577 689 786 884 907 945 984
648: 13 74 87 128 154 170 227 292 391 673 776 795 826 831 956
649: 31 173 443 456 533 567 639 642 674 753 843 923 929 985
650: 72 203 655 664 796 908
651: 51 260 412 579 796 906 940
652: 67 102 137 291 392 468 577 754 808 896
653: 91 142 206 280 318 324 447 468 888 948 998
654: 28 87 108 136 290 422 429 449 580 750 796 836 888 936
655: 2 87 212 218 276 312 433 519 650 668 772 882 917 918 990
656: 49 126 176 256 286 551 740 940
657: 35 74 137 226 473 676 844 863
658: 85 95 239 413 451 480 529 584 598 606 620 754 832 857 871 899
659: 169 269 374 438 475 555 783 836 856 934
660: 65 128 216 310 507 777 933 946
661: 20 142 222 306 473 562 683 722 833
662: 48 173 282 299 351 468 571 575 618
663: 146 245 608 723 779 937
664: 111 251 349 383 400 603 650 817 879 984
665: 79 235 236 347 530 691 878 948
666: 77 105 138 196 310 320 341 575 768 913 959
667: 177 181 330 393 472 574 588
668: 46 49 221 386 403 491 573 612 655 967
669: 227 307 420 428 847 942 968
670: 96 128 590 779 807 962
671: 221 260 296 410 737 782 966
672: 100 268 360 618
673: 92 166 169 217 273 460 523 578 590 639 648 725 798 950 989
674: 155 176 249 310 313 532 618 638 649 679 792 795 864 954 966
675: 36 67 94 238 341 351 363 388 412 531 564 955 963
676: 212 527 631 657 703 758 846 907
677: 234 273 326 487 529 702 794 887 899 926 946
678: 114 161 301 374 406 563 728 796 806
679: 139 165 333 422 556 674 689 797 842 978
680: 27 56 165 269 350 456 492
681: 4 189 208 254 277 448 472 548 889
682: 85 99 114 323 567 633 773 861 864 876 889 922 965
683: 2 33 35 105 310 574 661 727 756 774 817 910 983
684: 75 556 837 844 868 896 900
685: 126 256 508 603 855
686: 73 261 350 592 701 984
687: 40 53 156 226 233 403 764 792 868 872 904
688: 62 178 211 354 393 434 488 511 612 752 778 939
689: 0 40 82 126 198 223 226 464 546 622 647 679 736 822
690: 180 379 398 602 736
691: 6 101 169 423 588 665 748 887 974
692: 274 359 381 770 824 862
693: 499 546 563 587 588 736 858 908
694: 17 84 214 759 770 925 983
695: 21 187 293 355 392 412 805 835 985
696: 189 236 263 345 434 453 459 478 543 546 587 764 800 918
697: 32 65 133 194 275 416 498 528 635 788 846 872
698: 436 957
699: 22 179 270 760 805 826 952
700: 95 124 283 391 539 590 722 905 972 977 978
701: 50 686 706 803 852 872 897 970 984
702: 17 38 72 122 541 618 677 778 810 958
703: 3 80 92 96 307 340 572 676 718 719
704: 82 141 267 460 549 601 893
705: 49 86 183 235 329 495 518 586 709 807 937
706: 54 78 319 497 701 794
707: 118 245 270 527 710 806
708: 40 79 407 435 485 635 746 779 827 837
709: 489 705 843 907 953
710: 193 303 424 487 572 707 831 901 914 923 958
711: 113 124 225 241 292 346 579 976
712: 176 193 201 238 241 257 263 459 512 537 540 544 774 791
713: 1 246 390 421 598 601 940
714: 110 185 235 335 475 554 633 766 857 892
715: 50 126 362 474 504 585 822
716: 157 229 317 430 523 560 561 570 614 807 937 982
717: 250 251 303 394 446 754 956
718: 11 78 115 267 313 508 703 964
719: 254 355 400 453 491 703 809 847 992
720: 3 7 64 119 217 355 566 617 790 815 850 863 978 998
721: 79 114 239 318 337 487 517 624 629 797 928 938
722: 220 355 492 546 583 612 661 700 752 824 885 888 976
723: 329 447 498 537 663 785 806 926
724: 162 304 519 543 583 826 959
725: 173 332 439 465 626 673 756 758 827 993 997
726: 198 290 367 511 593 801 952
727: 56 289 349 466 503 620 683 988
728: 37 51 87 194 289 360 678 734 771 888 952 953 977
729: 18 39 47 164 172 209 233 254 464 564 610 640 992
730: 8 153 438 534 738 828 921 966 971
731: 27 143 227 497 750 820 908 914 994
732: 66 87 245 317 525 615 923
733: 88 356 409 465 521 617 817 881
734: 118 728 797 802 889 895 947 962
735: 44 221 248 261 320 336 354 463 580 784 847 855 877
736: 133 155 170 209 296 344 388 689 690 693 816
737: 1 158 308 310 535 628 633 671 765 776 987
738: 214 272 292 455 623 635 730 915
739: 148 300 343 368 448 451 468 936
740: 182 585 656 756 791 890 938 963 967
741: 14 41 177 183 187 238 362 395 413 598 818 902 942 971
742: 10 330 501 769
743: 18 70 276 280 328 983
744: 161 171 501 569 767 846 883
745: 18 121 177 221 226 392 488 509 624 890 900
746: 14 247 397 708 834 899 901
747: 171 204 221 529 934
748: 46 146 280 496 500 568 608 691 983
749: 67 71 284 324 341 854 930 986 992
750: 181 186 201 266 277 331 487 535 584 629 641 654 731 766
751: 128 136 207 236 252 291 509 525 801 831 927 995
752: 69 195 204 207 212 248 434 688 722 785 804 926
753: 18 42 259 283 389 521 649 784
754: 60 76 170 175 293 350 375 415 460 605 631 652 658 717 797 807 862 921
755: 63 205 226 319 398 604 904 970
756: 6 100 103 129 186 260 608 683 725 740 841 986
757: 46 110 119 128 248 354 387 402 423 431 623 812 998
758: 307 349 471 676 725 982
759: 23 158 388 446 497 694 807
760: 0 55 60 104 142 202 208 353 413 506 558 582 699 800 807 917
761: 7 36 57 151 188 194 195 627 812 894 911 994
762: 21 74 76 428 498 535 568
763: 114 154 194 235 276 290 334 359 419 520 794 855
764: 76 205 517 687 696 800 804 991 997
765: 244 467 477 631 737 767 848 941
766: 75 87 88 136 245 284 322 491 566 714 750
767: 19 33 219 260 284 339 447 463 744 765 948 991
768: 109 127 131 222 415 637 666 903
769: 5 32 37 204 223 325 354 455 742 854
770: 239 336 344 354 428 568 593 605 692 694 814 860 884 954
771: 510 512 555 591 637 728 983
772: 44 287 356 505 655 804 930
773: 107 156 591 596 608 682 829 870 957 963
774: 188 308 419 512 599 683 712 879 977
775: 23 29 64 96 298 513 517 522 590 822 837
776: 204 209 387 628 648 737 964 993
777: 28 126 185 345 510 614 660 893
778: 83 90 342 354 408 435 688 702 796 865 967
779: 131 195 282 328 349 577 631 663 670 708 867 947 966
780: 31 32 47 71 150 274 354 384 391 394 525 546 597
781: 78 114 223 454 496
782: 138 308 327 542 671 818 947
783: 393 457 659 909
784: 65 114 123 137 170 278 299 332 735 753 809 875 907
785: 155 338 361 381 573 638 723 752 840 926 952
786: 44 86 204 237 268 310 413 518 647 807 878 949 992
787: 34 111 284 354 361 362 548 585 863 950
788: 107 174 371 410 448 567 582 596 604 697 846 969
789: 11 63 265 273 404 441 467 533 816
790: 123 160 178 225 319 357 526 566 720 841 961 978 997
791: 120 144 160 315 334 351 354 402 484 612 712 740 865 907
792: 9 239 274 548 674 687 850
793: 66 345 483 484 623
794: 41 63 70 101 148 245 423 461 604 606 677 706 763 868 892 906
795: 53 55 97 167 212 290 470 648 674 912 944
796: 82 118 156 207 211 310 322 465 489 523 533 545 650 651 654 678 778 829 836 956
797: 1 67 139 264 323 384 390 514 520 679 721 734 754 859 889 907 911 936
798: 174 457 673 986 994
799: 36 72 94 100 174 232 288 405 407 428 513 909 915
800: 59 85 178 188 290 336 360 428 440 696 760 764 958
801: 9 99 169 608 618 726 751 974
802: 214 259 375 397 498 734 826 898
803: 21 48 231 379 419 639 701
804: 294 383 397 602 752 764 772
805: 132 332 465 695 699 970
806: 46 80 477 678 707 723 821 941 957
807: 166 177 195 330 451 538 670 705 716 754 759 760 786 902 991
808: 28 278 317 441 477 578 652 931
809: 26 60 91 414 430 460 719 784 867 921 926 948 962 966
810: 6 18 58 108 159 255 302 394 612 702
811: 91 427 841 851 872 911
812: 182 286 391 455 493 502 757 761 860 930
813: 136 167 333 413 545 593 833
814: 157 199 494 596 770
815: 22 77 96 126 195 223 254 279 321 382 434 494 502 626 720 896 992
816: 55 76 245 357 530 532 548 632 736 789 835 912
817: 48 150 247 348 388 424 439 487 634 664 683 733 928 936
818: 24 198 269 281 451 540 570 627 741 782 919
819: 96 186 333 498 869
820: 40 121 148 256 731
821: 88 181 319 554 806 883 904 953
822: 222 520 689 715 775 844 947
823: 1 25 46 235 265 368 389 529 630 861 867 911 963
824: 138 278 374 392 415 510 532 580 692 722 882
825: 514 516 524 537 559 628
826: 91 202 231 325 367 464 511 525 628 648 699 724 802
827: 124 196 273 473 493 708 725 996
828: 373 592 730 906 950
829: 101 122 145 212 287 628 773 796 847 940 943
830: 35 67 272 386 637
831: 30 60 78 178 220 242 368 504 597 648 710 751 854
832: 353 658 880
833: 46 150 426 438 547 617 632 661 813
834: 317 319 401 475 484 511 563 589 592 604 746 937
835: 36 222 241 288 420 482 485 506 584 695 816
836: 11 60 127 654 659 796 839 890
837: 3 86 122 239 270 535 562 607 684 708 775 964
838: 20 50 207 334 406 459 531 548
839: 290 330 383 403 481 575 578 836 940
840: 16 31 326 447 499 513 538 566 785 884 926
841: 112 120 467 756 790 811
842: 72 611 679 987
843: 34 486 610 619 649 709 865 914
844: 2 523 657 684 822 864 998
845: 5 220 272 299 357 409 426 572 579 615 625 986
846: 60 143 237 245 257 354 461 549 676 697 744 788 925 978
847: 179 381 536 557 588 603 605 669 719 735 829 867 935
848: 35 60 295 416 504 590 765 885 947
849: 20 209 491 503 543 859 931 943
850: 80 88 168 239 315 344 381 384 487 591 608 720 792 875 910 947
851: 100 194 302 350 425 596 811
852: 157 257 304 568 570 701 956
853: 94 101 106 156 180 223 292 350 479 608 644 904 941
854: 239 262 434 481 575 605 749 769 831
855: 52 145 188 232 233 270 289 295 356 446 646 685 735 763 934 944 949 970
856: 221 391 494 659
857: 119 493 590 658 714 899
858: 40 50 103 150 155 202 542 566 609 693
859: 0 41 86 252 362 431 506 542 797 849
860: 105 127 435 588 770 812 929
861: 209 277 334 366 430 495 601 642 682 823 901 955
862: 114 131 268 280 285 319 423 622 692 754 967
863: 69 331 418 448 455 503 657 720 787 998
864: 70 123 152 231 244 266 291 446 674 682 844
865: 43 66 113 201 292 324 516 778 791 843
866: 42 50 109 127 190 278 311 466 510 905
867: 104 158 207 264 316 381 451 546 779 809 823 847 943 995
868: 111 168 196 214 359 407 622 626 684 687 794 961 969
869: 66 78 266 286 365 819 912 922
870: 128 336 385 527 563 773 982
871: 14 132 179 337 369 373 526 658 950 990
872: 100 114 150 268 434 687 697 701 811
873: 211 404 437 550 905 910
874: 226 295 336 393 435 577
875: 22 233 583 784 850 897 901 998
876: 105 305 351 615 682
877: 218 632 735 909 962
878: 305 415 417 444 665 786 884
879: 93 115 237 287 384 407 664 774
880: 18 78 87 254 338 441 483 534 636 643 832 979
881: 86 453 585 733 907 920
882: 227 264 283 423 474 655 824
883: 110 175 339 458 577 631 744 821 888
884: 80 110 253 280 323 582 647 770 840 878 984
885: 121 204 387 388 644 722 848 983
886: 96 150 199 253 290 435 462 916 996
887: 154 163 238 282 283 347 408 476 542 641 677 691 973
888: 144 145 338 421 436 540 588 606 653 654 722 728 883
889: 20 152 206 343 384 465 524 557 585 681 682 734 797 946 965 968
890: 15 128 166 332 360 370 499 544 740 745 836
891: 35 232 257 297 342 353 499 574 927 931
892: 33 363 444 463 518 630 714 794
893: 48 52 54 95 177 407 436 616 626 704 777 997
894: 147 151 156 168 183 303 310 396 420 761
895: 18 75 340 477 479 573 734 914
896: 359 362 493 652 684 815 932 939
897: 272 279 399 572 701 875 926 960
898: 223 252 495 555 802 903
899: 94 167 388 412 567 658 677 746 857 998
900: 87 226 278 289 291 444 684 745
901: 124 129 246 252 267 281 710 746 861 875
902: 25 58 134 239 322 415 456 477 485 521 741 807 903 930 949 950 969 986
903: 236 378 475 476 481 521 768 898 902
904: 15 45 229 285 332 359 586 687 755 821 853 996
905: 166 183 223 267 329 406 586 700 866 873
906: 73 153 162 276 280 376 471 502 561 567 651 794 828
907: 579 647 676 709 784 791 797 881 977
908: 42 153 552 650 693 731 919 957
909: 82 285 387 484 596 629 783 799 877 945 957
910: 83 172 184 189 373 406 545 598 683 850 873 918 931
911: 365 376 393 416 458 481 486 634 761 797 811 823 935 951
912: 156 378 411 795 816 869 924
913: 5 84 208 269 496 666
914: 25 321 332 368 376 466 524 710 731 843 895 970
915: 123 154 159 163 306 307 409 457 465 554 581 738 799 928 943 948 981
916: 21 119 207 292 479 559 630 886
917: 300 458 479 526 578 591 655 760
918: 49 91 243 251 292 299 489 563 655 696 910 920 973 980
919: 72 382 436 468 513 549 571 589 635 638 639 818 908
920: 152 255 332 351 607 881 918 976
921: 24 246 258 730 754 809
922: 228 231 234 266 288 302 373 580 682 869 942
923: 135 271 286 322 349 522 649 710 732
924: 8 35 404 549 560 569 574 912 955
925: 31 40 92 99 231 338 483 512 575 694 846
926: 48 79 105 143 268 329 340 493 677 723 752 785 809 840 897 972
927: 4 148 310 366 402 443 452 483 751 891 928
928: 56 65 106 205 209 300 328 491 721 817 915 927
929: 60 99 151 273 432 466 467 490 570 649 860 937 996
930: 27 168 183 291 428 448 567 592 749 772 812 902 965
931: 77 213 346 391 517 808 849 891 910
932: 38 168 262 400 458 470 896 987
933: 32 347 364 385 480 550 617 660
934: 56 108 253 278 423 452 502 659 747 855 955 985
935: 88 189 194 204 847 911 946 985
936: 122 233 307 399 582 654 739 797 817
937: 275 276 334 342 389 524 554 556 560 583 663 705 716 834 929 966 981
938: 91 177 395 415 546 610 721 740 961 996
939: 21 76 260 290 383 421 436 444 536 572 688 896 993 997
940: 109 123 179 302 307 341 491 581 651 656 713 829 839
941: 68 179 229 280 492 532 765 806 853 988
942: 26 33 109 126 147 160 200 222 408 463 601 616 641 669 741 922
943: 34 67 155 362 373 378 428 829 849 867 915
944: 23 279 404 433 580 795 855
945: 77 332 389 554 647 909
946: 33 89 99 222 376 457 590 598 660 677 889 935
947: 125 240 343 438 520 529 734 779 782 822 848 850
948: 127 133 359 603 612 653 665 767 809 915 990 999
949: 31 78 164 383 448 570 572 620 786 855 902
950: 22 110 118 189 227 260 345 673 787 828 871 902 956 983
951: 35 150 215 376 410 474 911
952: 34 76 237 311 373 380 401 478 576 699 726 728 785
953: 121 172 366 457 553 709 728 821 987
954: 120 218 220 297 548 674 770 972
955: 127 135 153 194 299 675 861 924 934 991
956: 245 377 602 648 717 796 852 950
957: 130 204 254 359 406 446 624 698 773 806 908 909
958: 115 128 170 232 276 367 702 710 800
959: 28 62 69 76 154 314 360 394 529 603 666 724
960: 164 250 262 340 371 377 448 614 620 897
961: 219 571 610 615 639 641 790 868 938 978
962: 44 174 357 411 484 670 734 809 877 970
963: 23 224 272 516 550 675 740 773 823
964: 140 162 173 292 296 325 534 556 557 718 776 837
965: 104 150 333 430 452 468 528 621 682 889 930
966: 54 127 441 471 637 671 674 730 779 809 937
967: 183 199 230 269 429 514 534 668 740 778 862 969
968: 26 195 260 409 640 669 889
969: 13 14 59 103 211 558 578 788 868 902 967
970: 131 167 236 309 316 333 532 573 701 755 805 855 914 962
971: 80 86 206 501 730 741
972: 230 255 411 454 700 926 954
973: 7 37 85 273 408 517 552 646 887 918
974: 25 37 111 125 166 528 691 801 995
975: 76 109 267 391 412 540
976: 281 452 485 589 596 643 711 722 920
977: 6 256 267 361 385 472 574 700 728 774 907
978: 45 266 324 349 566 679 700 720 790 846 961
979: 96 155 422 880
980: 17 23 98 265 378 381 564 918
981: 20 24 35 282 290 313 315 381 915 937
982: 45 305 332 365 466 479 641 643 716 758 870
983: 2 115 143 172 233 247 283 311 456 683 694 743 748 771 885 950
984: 128 235 378 406 432 436 563 647 664 686 701 884
985: 32 80 101 102 227 416 616 621 626 649 695 934 935
986: 101 154 196 229 279 322 363 402 455 547 594 644 749 756 798 845 902
987: 106 153 193 331 389 737 842 932 953
988: 0 176 411 475 559 727 941
989: 123 228 302 355 371 512 556 673
990: 5 98 178 185 314 655 871 948
991: 54 112 115 122 262 322 338 382 485 555 764 767 807 955
992: 16 213 255 392 476 519 719 729 749 786 815
993: 19 267 325 417 427 488 555 725 776 939
994: 101 112 180 353 363 397 614 731 761 798
995: 63 370 514 520 629 751 867 974
996: 503 573 827 886 904 929 938
997: 55 133 202 314 331 354 559 620 627 725 764 790 893 939
998: 80 136 187 405 429 440 602 653 720 757 844 863 875 899
999: 78 90 292 332 420 424 642 948
