0: 1 2 3 4 5 6 7 8 9 10 11 12 13 14 15 17 19 21 23 24 25 27 29 32 33 37 41 42 43 62 76 79 84 86 92 107 108 113 119 128 135 145 168 179 187 188 189 192 193 195 201 225 247 256 264 267 271 273 287 319 328 329 335 350 353 363 416 486 490 492 500 512 522 528 533 539 583 600 601 610 620 633 636 658 674 677 707 710 712 717 734 803 857 888 916 947 950 952 992
1: 0 11 533 615 744
2: 0 11 12 14 16 19 20 21 22 24 29 42 45 47 54 59 74 80 100 101 115 122 129 132 141 148 159 172 176 178 187 188 197 205 208 213 229 230 235 240 246 263 288 297 326 354 360 366 396 410 412 430 431 432 509 511 512 515 530 555 561 566 570 577 601 605 613 688 739 760 802 812 866 893 904 938 945 987 996 998
3: 0 11 12 13 14 15 18 19 22 24 28 33 39 45 51 53 54 57 58 67 70 71 74 77 110 111 112 118 119 132 140 150 169 176 186 209 217 221 222 223 233 236 240 243 267 268 275 286 297 318 321 353 356 368 370 387 394 436 437 478 502 520 530 534 562 571 588 594 599 612 617 632 652 705 723 762 783 808 819 842 847 926 930 967 968
4: 0 11 12 13 15 17 20 24 29 34 36 41 42 46 48 53 54 55 61 78 87 102 106 121 142 161 165 179 252 298 317 346 347 357 388 426 459 483 640 686 698 700 738 754 786 826 879 955
5: 0 11 12 13 14 18 23 26 27 28 32 33 46 60 85 88 100 105 112 118 124 125 141 150 156 169 184 206 217 231 279 318 324 345 409 438 440 451 481 516 520 537 545 562 595 596 619 629 630 653 658 724 738 741 751 780 785 810 835 900 911 918 945 963
6: 0 11 12 13 14 15 16 17 19 20 21 24 25 33 34 35 37 38 51 52 64 67 72 73 83 102 103 105 135 137 155 161 163 166 178 179 193 199 204 207 213 234 244 264 273 299 307 316 319 325 330 337 397 407 429 436 442 493 513 538 546 569 589 590 699 720 727 773 788 813 871 957 966 977 988
7: 0 11 12 13 14 15 16 18 19 21 23 25 26 30 34 38 42 43 46 50 56 61 66 70 71 73 76 79 80 84 94 98 102 108 111 114 121 125 126 133 135 136 144 149 152 156 160 161 162 173 178 179 181 187 188 189 200 208 212 227 249 250 271 278 281 285 295 297 306 322 329 331 358 384 390 407 412 417 464 489 500 506 509 524 525 541 547 551 570 576 577 582 584 601 607 614 622 634 641 673 691 695 697 725 763 765 776 783 788 800 815 851 853 866 879 882 897 905 909 932 938 948 963 965 966 972 977
8: 0 11 12 14 16 32 41 47 54 63 78 88 91 300 385 415 489 567 633 727 938 954
9: 0 11 13 18 43 58 65 77 133 146 153 161 185 196 271 295 396 414 425 685 710 753 808 809 884 889 952 976
10: 0 12 13 14 15 16 17 19 22 23 30 31 32 34 35 37 38 39 40 65 74 78 82 85 93 99 101 110 117 123 125 129 130 134 142 145 154 158 182 197 198 202 206 207 212 220 231 241 290 341 345 348 365 402 420 426 435 436 446 449 506 507 571 590 609 612 621 634 637 668 685 713 765 771 789 805 811 817 846 854 858 859 893 898 953 958 999
11: 0 1 2 3 4 5 6 7 8 9 12 13 15 16 17 18 19 20 21 22 23 24 25 31 34 36 37 39 42 43 47 50 52 53 57 58 62 67 69 76 79 81 86 95 97 103 109 112 116 117 118 119 126 133 138 142 143 149 155 156 164 167 171 174 175 184 196 209 211 214 216 220 221 222 223 229 234 235 236 239 246 251 252 258 264 270 275 279 297 302 306 315 376 382 383 400 419 421 430 431 432 446 449 461 465 466 471 477 480 499 519 527 539 552 568 575 576 589 602 612 618 695 712 714 726 728 747 759 770 776 778 782 785 786 810 817 821 856 877 882 885 889 894 895 896 903 910 919 921 931 939 943 963 986 987
12: 0 2 3 4 5 6 7 8 10 11 13 14 15 16 17 18 19 20 21 22 23 26 30 33 34 35 38 44 51 53 62 69 70 72 75 81 89 90 92 99 102 108 116 118 125 126 127 128 135 140 146 177 192 193 196 199 216 221 225 229 233 238 243 245 252 263 267 270 287 288 297 304 321 327 332 341 343 349 351 352 396 403 408 424 426 436 452 468 487 498 500 504 516 517 525 561 563 569 584 591 607 608 639 641 671 679 687 691 734 745 749 756 760 762 768 776 780 807 812 843 850 878 894 903 908 909 912 915 916 937 938 945 949
13: 0 3 4 5 6 7 9 10 11 12 14 15 16 17 18 19 20 21 22 23 24 25 28 29 30 31 32 33 36 38 39 52 57 61 63 71 72 74 75 77 84 87 92 97 98 102 104 113 117 128 148 150 160 161 165 174 194 201 202 203 213 225 227 238 248 255 275 277 293 297 309 311 325 343 348 359 374 392 399 405 413 414 415 437 438 441 446 450 453 458 465 477 478 508 514 529 560 570 577 578 595 606 610 617 621 634 660 664 672 675 683 688 698 704 708 722 729 735 754 770 775 779 794 815 828 836 838 851 883 900 926 942 943 955 961 972 977 983 988 998
14: 0 2 3 5 6 7 8 10 12 13 15 16 17 18 21 23 25 26 27 28 33 34 35 37 40 43 46 48 50 51 57 61 64 65 69 70 75 86 88 89 90 91 93 95 99 101 106 107 114 118 130 134 138 139 143 149 153 154 160 163 177 184 188 199 202 205 225 235 236 244 247 248 263 265 274 275 300 301 302 303 307 309 311 322 350 357 370 375 385 391 393 400 425 429 437 442 461 467 481 486 494 499 500 501 505 506 507 512 519 553 557 562 602 610 632 641 648 667 671 677 701 703 706 710 716 739 767 803 839 875 924 964 982 996
15: 0 3 4 6 7 10 11 12 13 14 16 17 18 20 22 24 30 31 35 37 38 40 41 50 52 56 61 68 70 74 78 80 81 88 89 98 100 105 106 108 113 119 120 123 136 140 144 148 151 155 157 169 170 174 195 196 197 198 225 228 230 234 242 251 259 269 326 328 334 337 369 376 378 384 387 388 389 398 406 415 420 421 424 433 445 455 456 460 481 491 493 503 525 576 587 589 600 601 602 608 625 649 653 677 684 705 706 708 709 716 730 733 758 778 809 812 822 853 855 861 863 864 882 885 907 910 912 919 922 934 940 954 966 989 996
16: 2 6 7 8 10 11 12 13 14 15 17 20 21 25 26 27 28 29 33 39 42 44 51 54 55 56 64 67 70 78 79 82 83 84 86 87 94 95 96 123 124 125 131 138 144 148 156 158 162 169 174 184 203 216 218 233 236 239 240 246 248 250 260 263 282 283 288 323 327 334 336 340 347 351 359 365 384 392 393 398 417 428 431 440 448 451 456 460 493 502 503 518 520 536 583 587 597 613 625 629 643 645 656 671 674 701 705 720 725 754 757 761 764 767 779 798 808 867 911 972 973 981 990 999
17: 0 4 6 10 11 12 13 14 15 16 18 19 20 22 23 27 28 29 30 31 40 44 45 46 51 52 54 58 61 63 68 73 81 82 84 85 89 96 103 104 110 113 114 116 119 125 129 136 138 140 143 144 145 151 152 157 165 168 172 182 186 187 194 196 198 205 207 209 221 232 233 236 265 266 283 305 318 320 327 338 339 346 353 378 383 385 390 393 395 404 409 429 443 452 460 463 478 479 498 526 538 563 568 580 595 602 605 606 609 632 638 651 660 662 672 673 680 682 699 706 709 737 748 773 831 833 863 866 891 896 922 945 960 961 982 991 995
18: 3 5 7 9 11 12 13 14 15 17 24 25 27 34 35 45 46 47 49 50 58 60 68 70 86 87 89 93 102 104 129 133 144 147 164 165 167 173 177 189 203 206 209 223 228 245 246 248 294 298 337 341 343 345 354 370 377 388 414 416 427 428 434 460 475 478 485 542 549 585 592 597 633 657 664 670 676 695 717 739 747 767 801 810 817 824 830 831 834 837 838 840 853 860 880 908 974
19: 0 2 3 6 7 10 11 12 13 17 20 22 26 32 33 36 38 39 40 45 47 49 60 65 66 71 74 81 88 100 101 103 104 107 112 120 130 133 148 176 190 198 205 221 235 247 260 264 266 267 268 275 279 304 307 326 341 348 384 391 404 439 447 474 477 482 487 507 527 595 599 609 642 652 681 712 760 767 772 825 834 874 907 961 982
20: 2 4 6 11 12 13 15 16 17 19 21 22 25 26 27 28 29 30 32 34 35 39 40 52 63 69 73 80 82 83 88 89 97 104 105 135 147 172 181 203 206 214 220 262 265 276 283 320 330 347 357 381 382 400 418 434 461 471 512 519 538 590 616 625 639 640 646 716 721 752 756 800 813 823 831 859 866 874 895 911 929 959 983
21: 0 2 6 7 11 12 13 14 16 20 23 26 28 29 30 31 35 36 41 42 44 45 46 49 50 52 56 63 72 79 82 87 95 112 113 117 120 130 144 156 170 179 181 183 190 217 253 259 273 281 284 288 289 290 292 299 315 322 323 324 333 334 342 355 372 377 386 415 416 448 454 458 462 487 533 541 572 588 622 636 647 709 717 720 724 725 742 743 784 799 810 817 851 853 856 879 889 899 949 980 991
22: 2 3 10 11 12 13 15 17 19 20 30 32 40 41 43 44 46 48 53 55 59 60 61 66 67 71 75 79 83 84 85 87 96 101 107 109 114 115 118 119 120 121 123 127 137 141 143 146 159 180 181 182 185 192 221 229 234 239 241 244 255 259 269 274 278 286 290 291 306 309 327 328 337 341 344 354 367 373 378 398 410 433 459 463 464 484 505 516 521 523 541 542 562 568 579 585 592 613 620 628 641 681 685 692 700 737 789 811 850 872 888 896 916 932 967 984
23: 0 5 7 10 11 12 13 14 17 21 24 26 27 29 31 32 38 42 43 52 53 55 56 57 61 62 66 72 78 82 94 98 99 110 122 123 130 136 148 150 157 162 167 168 171 176 227 233 237 241 242 247 255 269 316 318 331 351 356 370 382 389 391 396 397 401 404 411 412 431 447 450 454 461 468 495 498 514 516 569 595 599 603 611 626 635 656 660 669 684 686 689 696 722 729 742 744 748 749 755 788 793 803 809 838 875 884 930 991 996
24: 0 2 3 4 6 11 13 15 18 23 25 28 29 31 41 44 48 49 53 56 69 76 87 90 93 107 108 112 131 133 135 141 149 175 181 208 218 226 231 232 241 248 261 266 291 320 322 331 332 339 346 348 355 367 378 396 400 411 414 554 619 670 680 729 788 792 810 839 883 903 921 922 927 935 942 960 999
25: 0 6 7 11 13 14 16 18 20 24 26 27 28 39 40 44 47 50 53 63 66 73 80 81 91 100 104 108 111 121 124 136 141 167 179 209 232 243 268 271 272 276 294 295 315 325 336 348 362 385 390 391 397 398 402 403 405 411 412 434 442 457 473 479 495 511 519 528 551 555 562 635 637 638 652 664 715 727 729 784 801 854 868 925 947 966
26: 5 7 12 14 16 19 20 21 23 25 27 32 33 36 37 39 43 48 62 64 68 75 76 78 85 91 92 94 104 108 117 122 129 132 140 152 159 167 174 179 190 203 208 223 231 279 283 313 320 360 388 417 419 451 479 494 499 508 542 544 556 567 620 621 623 631 657 663 666 697 718 733 745 761 765 789 821 831 874 882 885 906 917 923 935 937 949
27: 0 5 14 16 17 18 20 23 25 26 30 31 35 41 47 49 52 56 59 65 68 70 75 76 82 91 101 111 118 138 139 141 145 151 165 169 170 184 185 193 217 223 228 229 236 237 265 267 286 290 296 299 301 315 318 330 341 345 360 369 380 389 424 435 460 476 495 499 526 527 554 555 568 573 596 611 615 644 653 667 673 686 732 735 736 806 861 876 888 891 925 938 950 972 984
28: 3 5 13 14 16 17 20 21 24 25 36 39 54 61 68 73 80 86 122 127 138 143 154 193 209 220 222 247 251 362 371 392 409 435 479 481 503 575 602 612 690 693 704 708 731 764 774 796 800 805 819 827 841 868 947 959
29: 0 2 4 13 16 17 20 21 23 24 31 50 51 59 62 68 69 72 94 109 116 118 126 138 145 161 166 175 178 182 185 234 235 260 269 272 281 285 311 319 333 347 349 356 359 387 388 397 403 423 451 457 464 485 506 522 527 534 554 571 613 643 644 660 669 721 789 873 910 954
30: 7 10 12 13 15 17 20 21 22 27 45 49 65 69 120 132 133 135 141 159 182 199 218 219 319 370 449 451 462 483 536 562 648 661 782 809 832 846 877 904 956 974 991
31: 10 11 13 15 17 21 23 24 27 29 35 36 37 40 43 45 59 64 78 86 101 114 119 133 161 215 282 300 314 340 349 364 369 371 384 408 414 450 501 509 521 532 548 549 552 557 567 574 600 626 633 643 645 718 746 755 797 830 867 870
32: 0 5 8 10 13 19 20 22 23 26 36 49 57 63 83 115 153 154 157 173 178 207 215 226 239 262 285 289 317 327 396 423 424 436 482 490 508 645 649 668 722 755 765 784 832 837 910 973
33: 0 3 5 6 12 13 14 16 19 26 34 37 42 50 59 60 64 75 77 80 84 85 108 116 135 138 139 142 176 200 212 226 230 232 245 248 256 257 263 268 282 288 311 325 326 329 330 360 381 446 447 454 456 464 486 488 512 514 521 531 553 556 587 610 613 674 685 696 725 726 737 747 754 772 780 798 821 822 827 844 860 873 901 910 911 985
34: 4 6 7 10 11 12 14 18 20 33 36 48 67 73 74 83 89 96 97 106 109 115 124 126 147 148 153 202 211 215 228 245 273 282 295 296 331 333 335 348 375 389 411 427 433 439 473 501 503 540 674 698 734 770 783 848 870 915
35: 6 10 12 14 15 18 20 21 27 31 38 44 46 48 64 87 89 97 100 106 134 143 173 180 203 254 255 298 302 306 322 324 328 364 366 372 419 442 462 531 547 560 568 574 575 593 603 636 652 690 807 837 902 904 919 920 987
36: 4 11 13 19 21 26 28 31 32 34 37 38 41 44 47 54 60 66 69 85 88 97 104 112 122 124 158 166 170 178 181 199 223 229 238 243 246 252 253 256 261 281 290 294 298 313 316 334 354 362 445 447 465 480 483 485 488 491 533 545 581 593 598 614 651 666 676 687 703 711 716 737 765 768 773 791 793 805 814 827 832 847 852 876 889 903 959 980
37: 0 6 10 11 14 15 26 31 33 36 47 50 62 63 71 77 78 79 96 97 107 108 113 139 149 151 157 160 162 168 192 209 214 217 245 252 257 283 303 304 310 328 334 342 361 367 373 381 415 440 449 464 541 543 567 570 584 590 605 607 619 632 644 650 733 758 781 785 848 849 881 892 902 918 927 967 976 982
38: 6 7 10 12 13 15 19 23 35 36 41 42 43 44 47 51 53 58 62 65 68 76 81 87 121 152 158 167 172 188 196 219 225 234 235 237 261 280 284 292 293 295 301 303 307 310 318 366 375 387 399 400 409 415 426 434 448 455 459 461 470 497 524 526 529 539 553 561 580 601 639 649 652 665 672 698 708 718 726 757 807 828 886 927 931 932 946 998
39: 3 10 11 13 16 19 20 25 26 28 40 45 58 63 67 79 80 93 106 134 138 166 224 225 227 229 247 305 330 344 353 354 366 405 413 445 459 465 482 488 508 531 547 553 559 569 575 578 635 675 695 755 760 783 803 807 833 929 953 993
40: 10 14 15 17 19 20 22 25 31 39 45 55 56 57 72 73 76 85 92 127 137 142 175 198 209 238 240 273 298 322 323 349 381 394 402 404 563 568 576 609 634 683 721 742 743 868 895 922 941 972 974 996
41: 0 4 8 15 21 22 24 27 36 38 48 51 55 60 67 88 94 99 114 126 136 139 140 158 159 196 230 236 275 278 284 286 296 306 312 335 363 364 375 382 438 441 469 474 499 501 512 517 527 578 586 608 610 617 619 655 658 672 678 719 798 808 862 886 897 948
42: 0 2 4 7 11 16 21 23 33 38 59 60 72 81 82 88 113 117 124 165 202 212 215 220 222 232 249 280 331 359 381 448 481 487 598 702 730 733 737 804 812 818 846
43: 0 7 9 11 14 22 23 26 31 38 46 48 101 113 136 139 194 205 208 255 342 350 488 502 543 566 628 645 702 835 894 929 944 970 973 978
44: 12 16 17 21 22 24 25 35 36 38 49 53 59 64 66 69 77 128 133 140 155 157 262 276 309 340 428 444 624 697 785 858 887 971 990
45: 2 3 17 18 19 21 30 31 39 40 49 55 57 67 75 82 112 117 125 131 151 157 163 168 177 195 226 243 250 261 296 344 351 352 418 443 458 525 676 705 784 786 796 804 818 857 896 906 998
46: 4 5 7 14 17 18 21 22 35 43 49 56 66 70 71 75 86 93 99 106 109 111 121 131 135 145 147 156 164 172 187 195 202 212 219 227 238 245 252 263 308 338 340 375 376 381 387 421 423 446 480 493 521 525 565 587 593 615 617 621 645 654 655 664 675 682 691 717 723 801 813 872 914 934 938 953 975 989
47: 2 8 11 18 19 25 27 36 37 38 48 51 54 58 64 68 77 92 96 110 114 115 120 124 146 148 162 189 191 194 210 225 233 254 256 317 335 356 398 410 415 418 440 452 471 496 500 515 561 598 637 668 691 694 724 808 821 856 864 887 917 984
48: 4 14 22 24 26 34 35 41 43 47 56 57 58 65 72 105 116 118 128 132 141 181 195 196 258 259 267 275 277 306 315 330 345 346 399 425 437 461 472 473 476 501 513 517 540 564 565 586 595 605 638 640 655 673 684 697 720 733 741 749 844 879 899 962
49: 18 19 21 24 27 30 32 44 45 46 52 54 57 71 82 95 122 142 151 159 170 174 186 203 241 252 308 321 352 374 401 419 440 459 483 547 550 591 605 611 612 823 850 875 914 932 942 948 982
50: 7 11 14 15 18 21 25 29 33 37 55 59 60 84 90 94 107 139 171 177 184 208 239 264 271 311 402 424 483 529 637 644 659 708 762 847 848 928 974
51: 3 6 12 14 16 17 29 38 41 47 58 70 74 79 91 92 104 175 190 193 218 225 266 276 280 301 305 379 445 551 640 748 751 753 814 818 832 834 837 886 914 954 998
52: 6 11 13 15 17 20 21 23 27 49 55 60 103 105 113 130 138 144 164 183 194 270 274 278 294 395 404 414 426 454 461 522 569 667 706 830 854 944
53: 3 4 11 12 22 23 24 25 38 44 55 77 83 93 102 109 167 168 170 174 204 212 221 288 315 340 346 373 379 406 454 457 467 485 539 561 604 609 610 683 701 782 792 806 862 893
54: 2 3 4 8 16 17 28 36 47 49 59 106 121 129 131 172 264 276 296 324 327 329 345 532 540 649 746 798 828 845 970 972
55: 4 16 22 23 40 41 45 50 52 53 62 66 68 91 98 103 116 203 213 286 313 314 320 463 492 556 638 663 703 776 801 810 839 946 978
56: 7 15 16 21 23 24 27 40 46 48 65 86 90 127 136 149 187 221 226 233 239 278 309 312 314 317 330 332 333 373 400 417 428 473 509 513 563 574 745 776 786 796 895 967 973
57: 3 11 13 14 23 32 40 45 48 49 64 99 130 150 151 170 210 224 230 317 375 417 439 449 450 513 538 545 587 670 673 711 738 787 829 857 877 897 920 933 955 981
58: 3 9 11 17 18 38 39 47 48 51 103 105 164 166 190 224 268 272 278 281 301 344 375 431 540 627 808 836 943 990
59: 2 22 27 29 31 33 42 44 50 54 61 62 76 83 84 95 102 103 105 134 173 182 191 206 216 242 283 288 314 317 323 324 325 328 340 347 363 370 373 379 440 526 528 555 706 724 727 759 765 768 781 808 811 887 894 901 907 921 941 984
60: 5 18 19 22 33 36 41 42 50 52 67 78 95 122 125 142 181 188 191 203 204 246 281 305 336 363 377 389 437 605 618 682 710 771 848 852 939
61: 4 7 13 14 15 17 22 23 28 59 69 99 120 130 137 187 192 193 211 212 236 239 260 265 310 330 353 354 390 393 432 438 456 467 503 574 655 667 723 733 747 749 781 787 868 875 905 997
62: 0 11 12 23 26 29 37 38 55 59 63 74 85 93 133 134 146 161 173 178 180 208 215 235 246 263 297 345 365 393 402 415 417 465 467 472 484 595 638 645 832 900 944 985
63: 8 13 17 20 21 25 32 37 39 62 66 80 103 128 200 262 264 283 320 361 380 387 410 427 430 503 526 542 558 572 609 739 759 760 777 821 859 960 990
64: 6 14 16 26 31 33 35 44 47 57 65 71 85 98 107 180 201 226 238 250 253 257 260 262 267 276 291 321 359 366 376 435 445 464 466 470 478 488 498 516 590 607 619 661 716 775 776 781 860 861 864 912 947 971 988
65: 9 10 14 19 27 30 38 48 56 64 83 153 154 158 160 174 267 291 297 332 333 343 354 359 394 456 514 529 571 602 757 937
66: 7 19 22 23 25 36 44 46 55 63 71 84 117 126 159 186 194 218 220 257 311 329 368 399 405 427 473 508 584 752 797 846 875 919 922
67: 3 6 11 16 22 34 39 41 45 60 79 89 92 106 130 143 167 171 185 188 199 205 210 226 229 242 287 461 467 468 515 521 522 527 550 555 588 591 623 634 685 730 769 799 989
68: 15 17 18 26 27 28 29 38 47 55 73 94 117 130 143 242 271 284 293 339 390 432 499 535 564 594 615 898 929
69: 11 12 14 20 24 29 30 36 44 61 72 87 96 115 131 135 218 271 278 324 364 406 422 466 484 536 615 633 651 676 745 817 835 855 877 928
70: 3 7 12 14 15 16 18 27 46 51 94 146 169 176 272 277 310 352 368 373 408 439 457 469 492 545 648 793 825 831 835 905 936
71: 3 7 13 19 22 37 46 49 64 66 73 76 80 91 109 115 137 141 146 147 148 150 168 177 184 186 187 198 210 231 251 254 273 292 294 303 314 327 362 377 389 435 454 475 495 512 532 539 557 565 633 675 689 728 735 765 788 789 792 810 852 873 884 908
72: 6 12 13 21 23 29 40 42 48 69 81 158 171 205 237 239 279 280 338 365 367 392 397 398 468 496 640 647 734 762 870 963 964
73: 6 7 17 20 25 28 34 40 68 71 74 93 94 97 101 105 111 136 159 169 183 236 237 246 261 279 291 351 391 484 485 498 535 623 628 677 815 848 913 924 995
74: 2 3 10 13 15 19 34 51 62 73 75 77 88 90 95 139 145 153 155 172 200 256 292 370 383 482 504 566 592 639 644 692 844 936 962
75: 12 13 14 22 26 27 33 45 46 74 110 121 242 600 636 683
76: 0 7 11 24 26 27 38 40 59 71 77 152 160 171 210 272 299 302 490 681 708 710 777 797 850
77: 3 9 13 33 37 44 47 53 74 76 81 92 96 128 129 137 183 185 190 191 202 221 240 247 264 293 307 316 326 331 365 375 387 417 421 434 508 514 520 536 545 556 607 630 669 770 827 858 869 874 964
78: 4 8 10 15 16 23 26 31 37 60 89 90 96 100 105 110 150 153 160 169 205 218 238 270 278 302 355 362 429 474 488 546 559 564 685 712 719 726 781 787 804 851 893 976 999
79: 0 7 11 16 21 22 37 39 51 67 83 101 121 153 169 195 216 237 260 262 350 362 379 381 389 491 520 534 537 581 613 702 773 823 878 902 984 989 993
80: 2 7 15 20 25 28 33 39 63 71 92 96 99 111 172 181 199 205 289 312 445 454 472 537 548 605 632 644 646 748 813 849 870 908
81: 11 12 15 17 19 25 38 42 72 77 86 90 108 126 134 154 164 166 187 195 233 240 249 326 355 369 398 414 430 489 504 544 546 547 574 579 601 698 709 787 928 987 992
82: 10 16 17 20 21 23 27 42 45 49 98 103 110 113 114 143 145 152 176 189 201 211 214 224 231 232 261 268 270 301 313 365 374 424 443 466 471 485 492 502 557 560 592 594 648 688 783 900 946 956
83: 6 16 20 22 32 34 53 59 65 79 93 98 100 128 145 160 165 183 189 191 197 201 214 218 262 273 288 292 313 368 424 493 523 542 646 656 680 687 693 718 772 776 780 865 893 934 947 959 993
84: 0 7 13 16 17 22 33 50 59 66 90 95 115 126 134 147 165 191 204 211 235 242 259 299 312 329 333 351 358 411 493 511 558 567 593 604 621 657 697 703 767 768 772 824 857 963
85: 5 10 17 22 26 33 36 40 62 64 97 124 149 155 258 269 314 325 419 423 435 486 500 559 564 631 679 769 867 902 967 977
86: 0 11 14 16 18 28 31 46 56 81 97 100 102 120 136 148 189 206 227 249 286 289 313 335 397 482 494 507 518 706 727 790 794 804 883 904 912 917 971 980
87: 4 13 16 18 21 22 24 35 38 69 91 107 166 254 296 338 438 441 551 602 683 788 896 958 976
88: 5 8 14 15 19 20 36 41 42 74 90 91 114 119 129 139 146 151 195 249 257 276 300 363 369 376 377 394 442 443 453 469 549 579 595 603 627 629 657 731 770 780 798 799 813 816 827 887 908
89: 12 14 15 17 18 20 34 35 67 78 95 110 115 117 127 144 150 160 161 167 171 174 186 199 216 232 257 285 294 298 338 377 401 406 460 487 490 632 645 751 801 891 995
90: 12 14 24 50 56 74 78 81 84 88 115 125 140 211 382 388 403 458 468 470 495 521 558 581 596 608 646 657 686 750 789 814 901 926 960
91: 8 14 25 26 27 51 55 71 87 88 154 162 188 192 213 220 222 281 320 349 374 432 452 607 665 673 775 793 814 902 999
92: 0 12 13 26 40 47 51 67 77 80 132 140 149 194 212 219 319 366 382 414 463 509 522 898 961 995
93: 10 14 18 24 39 46 53 62 73 83 98 100 112 116 119 153 166 169 180 204 210 240 260 278 295 310 315 365 377 386 410 414 415 417 419 458 459 494 513 646 650 668 674 743 778 823 867 903 917 981
94: 7 16 23 26 29 41 50 68 70 73 127 194 227 250 440 484 543 564 576 606 630 641 747 774 836 940
95: 11 14 16 21 49 59 60 74 84 89 163 173 249 281 306 334 420 472 516 657 663 837 950
96: 16 17 22 34 37 47 69 77 78 80 98 111 129 132 182 190 208 253 255 287 361 383 390 423 473 862 935 980
97: 11 13 20 34 35 36 37 73 85 86 124 162 234 240 263 283 310 369 385 552 775 792 817 921
98: 7 13 15 23 55 64 82 83 93 96 99 102 179 218 286 337 390 396 401 425 448 479 505 561 665 692 825 885 953 967
99: 10 12 14 23 41 46 57 61 80 98 104 114 116 120 123 124 127 167 185 198 226 240 244 279 302 305 316 399 418 462 487 492 509 522 590 616 635 680 706 752 874 940 963
100: 2 5 15 19 25 35 78 83 86 93 109 129 183 185 200 201 219 297 447 466 604 765 790 920 988
101: 2 10 14 19 22 27 31 43 73 79 107 109 122 123 157 200 213 224 241 245 255 277 287 302 407 408 409 492 535 567 620 629 658 677 735 774 800 842 907
102: 4 6 7 12 13 18 53 59 86 98 147 171 256 305 335 339 374 377 413 433 470 491 608 623 717 751 797 852 879 933 977
103: 6 11 17 19 52 55 58 59 63 82 149 155 180 202 223 257 363 372 513 617 639 664 968
104: 13 17 18 19 20 25 26 36 51 99 111 122 127 171 184 186 210 231 249 253 324 335 361 399 416 455 461 523 553 561 624 632 639 683 807 818 842 853 861
105: 5 6 15 20 48 52 58 59 73 78 106 111 123 132 172 189 210 215 324 475 506 570 576 591 626 682 736 784
106: 4 14 15 34 35 39 46 54 67 105 156 157 255 258 271 301 302 353 530 534 550 572 581 649 652 705 768 822 870 893 929
107: 0 14 19 22 24 37 50 64 87 101 109 125 141 161 163 197 210 235 265 282 321 475 513 539 547 588 743 795 810 825 925 961 964 991
108: 0 7 12 15 24 25 26 33 37 81 110 118 123 128 144 151 155 156 164 177 192 272 319 323 343 356 385 405 548 585 614 723 767 769 842 875 940 975 982
109: 11 22 29 34 46 53 71 100 101 107 131 147 149 158 186 247 293 310 362 502 590 694 752 842 968
110: 3 10 17 23 47 75 78 82 89 108 112 132 175 215 229 243 246 269 274 279 290 309 349 352 476 538 574 715 741 840 846 847 915 965
111: 3 7 25 27 46 73 80 96 104 105 120 201 237 425 551 949
112: 3 5 11 19 21 24 36 45 93 110 126 146 155 164 166 175 184 272 284 289 292 303 309 372 404 552 616 673 721 735 880 905 956 962
113: 0 13 15 17 21 37 42 43 52 82 150 170 180 206 217 233 253 282 382 389 416 427 450 463 542 548 594 621 624 629 671 737 755 887
114: 7 14 17 22 31 41 47 82 88 99 116 128 179 223 275 291 332 396 441 523 546 659 661 705 728 729 762 798 846
115: 2 22 32 34 47 69 71 84 89 90 131 146 198 216 252 312 409 466 475 486 488 512 518 599 670 688 698 867 997
116: 11 12 17 29 33 48 55 93 99 114 119 121 137 140 160 180 186 211 222 250 251 256 259 286 341 344 352 402 470 495 498 533 633 757 763 815 852
117: 10 11 13 21 26 42 45 66 68 89 131 209 294 307 368 399 412 434 441 443 496 532 552 593 773 921 956
118: 3 5 11 12 14 22 27 29 48 108 123 137 152 154 163 168 173 192 234 292 322 358 372 385 437 451 456 480 484 486 588 594 693 735 748 759 949
119: 0 3 11 15 17 22 31 88 93 116 137 177 186 204 216 282 636 660 722 750 774 814 878 884 920 937 967
120: 15 19 21 22 30 47 61 86 99 111 139 142 174 182 206 210 254 267 322 358 463 515 532 636 662 752 792 880 978
121: 4 7 22 25 38 46 54 75 79 116 122 156 178 180 199 220 257 296 368 385 450 478 496 497 593 603 629 678 721 762 919 931 945 962 995
122: 2 23 26 28 36 49 60 101 104 121 164 183 204 207 249 288 353 382 425 447 452 453 490 579 601 624 659 709 766 787 824 832 865 939 971
123: 10 15 16 22 23 99 101 105 108 118 154 201 208 214 223 224 244 265 289 308 336 380 388 391 443 451 468 480 493 501 506 565 669 917
124: 5 16 25 34 36 42 47 85 97 99 152 158 162 199 212 218 228 308 318 537 580 597 651 711 728 771 797 840 863 917 923 927 942 969
125: 5 7 10 12 16 17 45 60 90 107 170 197 206 221 246 259 299 331 336 346 432 440 456 465 522 580 625 698 701 828 871 904 926 992 995
126: 7 11 12 29 34 41 66 81 84 112 127 137 156 175 192 196 274 277 320 349 357 400 457 459 474 497 519 531 572 647 652 707 713 918 936 954 963
127: 12 22 28 40 56 89 94 99 104 126 153 168 197 254 261 285 340 406 430 459 602 629
128: 0 12 13 44 48 63 77 83 108 114 131 134 244 312 330 407 479 567 576 605 623 676 770 794 807
129: 2 10 17 18 26 54 77 88 96 100 132 178 213 364 574 582 591 664 881 933
130: 10 14 19 21 23 52 57 61 67 68 150 163 248 274 325 356 383 475 504 622 625 634 836 849 891 915 940 959
131: 16 24 45 46 54 69 109 115 117 128 143 147 173 176 224 228 241 262 309 339 372 455 456 491 499 565 593 598 695 722 729 760 793 874 878
132: 2 3 26 30 48 92 96 105 110 129 134 142 144 175 213 216 237 304 331 332 342 441 444 475 482 599 625 647 713 743 811 867 881 891 937 960
133: 7 9 11 18 19 24 30 31 44 62 165 235 300 449 468 509 522 555 597 734 769 796 908 953
134: 10 14 35 39 59 62 81 84 128 132 165 197 224 268 308 472 585 630 718 719 758 803 866 956
135: 0 6 7 12 20 24 30 33 46 69 152 177 187 322 365 378 391 557 562 563 722 729 743 954 962
136: 7 15 17 23 25 41 43 56 73 86 151 158 175 188 191 197 222 227 258 284 331 343 347 353 364 417 420 474 487 514 527 564 571 604 614 666 689 703 714 719 772 827 829 869 903
137: 6 22 40 61 71 77 116 118 119 126 142 157 163 185 260 295 328 366 408 436 483 532 546 563 791 869 930 971
138: 11 14 16 17 27 28 29 33 39 52 193 230 328 361 416 607 623 662 679 773 804 913 965
139: 14 27 33 37 41 43 50 74 88 120 159 183 200 203 207 231 249 329 365 378 465 478 549 553 609 639 652 694 786 876 883 947 951
140: 3 12 15 17 26 41 44 90 92 116 193 242 341 395 682 739
141: 2 5 22 24 25 27 30 48 71 107 217 234 238 280 351 361 383 399 405 435 443 447 509 516 532 610 715 797 806 887 923
142: 4 10 11 33 40 49 60 120 132 137 200 255 261 300 401 447 524 543 544 551 575 590 600 731 786 796 812
143: 11 14 17 22 28 35 67 68 82 131 145 147 163 183 189 222 232 241 248 259 301 306 315 437 444 466 518 524 533 578 586 623 630 651 730 764 783 813 835 880 919 943
144: 7 15 16 17 18 21 52 89 108 132 154 182 303 316 350 387 394 395 413 436 437 448 493 573 589 604 673 711 716 771 778 888 928 988 997
145: 0 10 17 27 29 46 74 82 83 143 162 171 190 191 250 251 307 313 321 350 412 425 454 460 611 622 670 672 696 713 817 943 955 968
146: 9 12 22 47 62 70 71 88 112 115 155 211 316 329 370 386 477 504 556 661 724 740 839
147: 18 20 34 46 71 84 102 109 131 143 243 245 342 367 373 442 510 523 695 697 746 750 873 922
148: 2 13 15 16 19 23 34 47 71 86 182 217 277 294 314 332 340 505 527 622 624 628 646 667 779 790
149: 7 11 14 24 37 56 85 92 103 109 163 166 213 272 511 652 674 764 830
150: 3 5 13 23 57 71 78 89 113 130 206 352 363 425 494 556 561 617 642 693 707 719
151: 15 17 27 37 45 49 57 88 108 136 152 162 179 183 198 222 223 244 248 292 307 342 379 404 524 539 580 654 655 753 826 953 976
152: 7 17 26 38 76 82 118 124 135 151 180 184 287 310 374 540 643 679 720 821 854 900
153: 9 14 32 34 65 74 78 79 93 127 358 360 490 606 998
154: 10 14 28 32 65 81 91 118 123 144 190 204 261 355 394 419 501 553 574 645 681 693 843 874 986
155: 6 11 15 44 74 85 103 108 112 146 159 224 227 266 276 318 325 376 542 550 587 684 704 763 898
156: 5 7 11 16 21 46 106 108 121 126 177 178 193 207 280 290 371 505 518 519 543 579 818 872 963
157: 15 17 23 32 37 44 45 101 106 137 173 188 251 334 404 411 434 677 680 683 701 731 738 807 890
158: 10 16 36 38 41 65 72 109 124 136 293 303 332 358 423 516 559 586 604 642 676 727 934 983
159: 2 22 26 30 41 49 66 73 139 155 185 202 220 243 289 338 371 394 689 774
160: 7 13 14 37 65 76 78 83 89 116 232 264 273 392 394 468 518 616 756 907 935 946
161: 4 6 7 9 13 29 31 62 89 107 189 190 242 253 265 277 336 341 361 380 393 407 420 442 444 524 558 671 699 793 818 892 899 919 972 984
162: 7 16 23 37 47 91 97 124 145 151 168 181 250 257 258 379 415 442 516 705 782 992
163: 6 14 45 95 107 118 130 137 143 149 164 200 378 413 444 486 496 626 638 644 734 902 918
164: 11 18 46 52 58 81 108 112 122 163 269 404 455 581 692 704 753 901
165: 4 13 17 18 27 42 83 84 133 134 170 191 245 253 337 370 386 393 403 428 503 528 560 569 632 674 727 761
166: 6 29 36 39 58 81 87 93 112 149 176 214 356 361 421 525 548 584 623 748 981
167: 11 18 23 25 26 38 53 67 89 99 276 299 426 453 516 526 600 736 770 842 843
168: 0 17 23 37 45 53 71 118 127 162 219 256 264 270 366 381 395 413 440 448 498 531 582 594 606 665 743 777 817 856 915
169: 3 5 15 16 27 70 73 78 79 93 195 204 244 271 277 307 315 380 398 405 421 564 661 671 690 716 844 866 905 951
170: 15 21 27 36 49 53 57 113 125 165 172 201 224 241 259 287 290 293 315 328 335 343 357 367 400 429 455 496 515 533 552 560 616 666 676 795 799 842 843 844 927 985
171: 11 23 50 67 72 76 89 102 104 145 176 352 411 420 606 608 677 712 744 776 788 797 939 977 987 994
172: 2 17 20 38 46 54 74 80 105 170 202 231 262 342 643 658 710 773 795 906 968
173: 7 18 32 35 59 62 95 118 131 157 198 211 219 273 291 402 430 442 526 572 630 649 657 691 939 965 966 985
174: 11 13 15 16 26 49 53 65 89 120 226 390 407 410 438 469 472 584 591 888 928
175: 11 24 29 40 51 110 112 126 132 136 204 233 254 270 274 295 301 345 388 427 457 510 511 528 616 636 711 718 725 891 922 978
176: 2 3 19 23 33 70 82 131 166 171 295 297 313 368 446 449 558 581 596 632 643 747 782 868 873 962 986
177: 12 14 18 45 50 71 108 119 135 156 196 217 263 283 372 380 470 497 535 581 614 669 675 746 823 847 856 895 908
178: 2 6 7 29 32 36 62 121 129 156 214 228 230 241 316 487 494 497 582 606 666 676 692 712 724 780 820 821 857 932
179: 0 4 6 7 21 25 26 98 114 151 330 772 791 808 872 933 975 987
180: 22 35 62 64 93 103 113 116 121 152 242 247 467 477 789
181: 7 20 21 22 24 36 48 60 80 162 205 254 262 280 305 323 346 360 411 428 441 491 494 497 513 514 529 620 634 639 641 737 816 843 936 976
182: 10 17 22 29 30 59 96 120 144 148 300 370 692
183: 21 52 73 77 83 100 122 139 143 151 207 220 244 250 258 260 296 319 320 412 549 599 607 727 766
184: 5 11 14 16 27 50 71 104 112 152 215 229 268 285 321 376 389 432 467 469 494 587 614 615 781 881 894 961
185: 9 22 27 29 67 77 99 100 137 159 275 556 617 760 762 852 872
186: 3 17 49 66 71 89 104 109 116 119 195 216 269 298 303 375 441 511 555 589 650 680 695 748 754 827
187: 0 2 7 17 46 56 61 71 81 135 191 200 201 207 209 215 225 230 251 309 337 425 529 552 555 600 671 707 738 858 901 920 959 988
188: 0 2 7 14 38 60 67 91 136 157 214 228 240 280 310 319 334 390 403 445 513 603 653 687 740 820 860 945 976
189: 0 7 18 47 82 83 86 105 143 161 197 208 231 265 299 311 504 544 561 704 728 738 755 958 961
190: 19 21 26 51 58 77 96 145 154 161 194 207 249 305 359 393 400 467 573 665 669 714 951
191: 47 59 60 77 83 84 136 145 165 187 192 214 253 286 356 371 372 543 554 932
192: 0 12 22 37 61 91 108 118 126 191 194 230 237 359 460 485 702 733 739 796
193: 0 6 12 27 28 51 61 138 140 156 219 278 392 520 592 950 997
194: 13 17 43 47 52 66 92 94 190 192 321 358 367 369 397 401 423 525 553 572 598 609 796
195: 0 15 45 46 48 79 81 88 169 186 280 305 357 363 454 515 571 591 721 991
196: 9 11 12 15 17 38 41 48 126 177 274 284 292 338 433 484 687 766 845
197: 2 10 15 83 107 125 127 134 136 189 272 293 319 336 367 521 663 672 838 874 899 921
198: 10 15 17 19 40 71 99 115 151 173 270 350 431 588 602 629 656 694 736 782 813 840
199: 6 12 14 30 36 67 80 89 121 124 226 312 314 321 506 534 546 690 806 816 969
200: 7 33 63 74 100 101 139 142 163 187 228 239 284 285 407 422 432 435 453 480 500 535 565 570 583 607 625 641 642 892
201: 0 13 64 82 83 100 111 123 170 187 222 272 289 307 444 445 570 667 675 748 785 845 971
202: 10 13 14 34 42 46 77 103 159 172 212 217 234 255 257 281 380 400 507 559 577 635 696 699 733 773 819
203: 13 16 18 20 26 35 49 55 60 139 247 339 379 386 439 452 464 486 488 489 496 601 637 683 696 794 816 820 865 987
204: 6 53 60 84 93 119 122 154 169 175 260 378 439 506 532 557 618 638 752 952
205: 2 14 17 19 43 67 72 78 80 181 232 243 300 304 352 401 421 512 563 586 833
206: 5 10 18 20 59 86 113 120 125 150 215 266 298 303 317 403 406 444 494 518 523 554 558 573 610 642 651 685 711 737 838 878 882 894 974 998
207: 6 10 17 32 122 139 156 183 187 190 230 266 316 355 383 430 443 446 474 520 547 549 719 874 915 944
208: 2 7 24 26 43 50 62 96 123 189 211 213 236 258 306 349 376 408 488 536 613 691 768 945 948 994
209: 3 11 17 18 25 28 37 40 117 187 399 536 538 573 637 638 752 807 838 905 981 982
210: 47 57 67 71 76 93 104 105 107 120 250 281 329 353 358 367 582 617 653 668 983 999
211: 11 34 61 82 84 90 116 146 173 208 266 334 520 521 609 655 727 739 749 861
212: 7 10 33 42 46 53 61 92 124 202 237 238 270 277 308 327 346 403 405 450 452 458 493 578 622 744 746 761 768 798 813 823 826 960 988
213: 2 6 13 55 91 101 129 132 149 208 228 244 360 364 378 383 395 533 629 732 745 777 923 951 961 974 992
214: 11 20 37 82 83 123 166 178 188 191 245 267 387 539 600 738 741 791 962 964 990
215: 31 32 34 42 62 105 110 184 187 206 219 253 269 339 410 442 445 513 547 570 622 703 850 933
216: 11 12 16 59 79 89 115 119 132 186 219 258 286 289 314 420 439 478 537 666 755 792 953
217: 3 5 21 27 37 113 141 148 177 202 302 355 386 476 499 526 615 618 647 662 697 757 871 873 882 913 997
218: 16 24 30 51 66 69 78 83 98 124 248 280 299 337 402 429 477 496 509 604 624 670 682 764 782 804 877 885 908 960
219: 30 38 46 92 100 168 173 193 215 216 266 268 333 339 345 348 448 467 469 506 511 579 588 670 713 736 738 932 949 970
220: 10 11 20 28 42 66 91 121 159 183 263 269 327 386 430 443 444 495 527 653 797 830 884
221: 3 11 12 17 19 22 53 56 77 125 238 256 535 564 828 877 936
222: 3 11 28 42 91 116 136 143 151 201 304 347 483 549 624 684 764 801 832 881 882
223: 3 11 18 26 27 36 103 114 123 151 252 261 287 324 333 485 684 722 953
224: 39 57 58 82 101 123 131 134 155 170 268 305 308 335 340 379 420 438 480 488 493 497 504 550 593 617 700 743 872 887
225: 0 12 13 14 15 38 39 47 51 187 304 351 409 457 528 538 740 809 811 831 910 940 956
226: 24 32 33 45 56 64 67 99 174 199 227 302 339 357 380 423 507 583 766 871 881 952 979
227: 7 13 23 39 46 86 94 136 155 226 270 282 296 350 389 465 502 608
228: 15 18 27 34 124 131 178 188 200 213 368 385 446 485 781 906 997
229: 2 11 12 22 27 36 39 67 110 184 277 338 343 380 508 583 640 648 669 738 739 888
230: 2 15 33 41 57 138 178 187 192 207 541 589 642 654 802 805 929 956 986
231: 5 10 24 26 71 82 104 139 172 189 251 256 314 466 536 927
232: 17 24 25 33 42 82 89 143 160 205 239 252 295 298 338 499 534 586 600 803 873
233: 3 12 16 17 23 47 56 81 113 175 337 408 476 520 534 569 596 643 654 666 914 927
234: 6 11 15 22 29 38 97 118 141 202 300 318 374 544 742 958 961
235: 2 11 14 19 29 38 62 84 107 133 361 439 489
236: 3 11 14 16 17 27 41 61 73 208 259 265 273 284 375 395 398 402 429 443 530 537 694 788 835 977 995
237: 23 27 38 72 73 79 111 132 192 212 312 323 365 377 453 508 554 605 800 955 985
238: 12 13 36 40 46 64 78 141 212 221 251 285 288 317 340 344 521 537 558 594 627 717 807 826 985
239: 11 16 22 32 50 56 61 72 200 232 254 293 342 354 379 407 450 713 757
240: 2 3 16 40 77 81 93 97 99 188 243 423 514 648 793
241: 10 22 23 24 49 101 131 143 170 178 369 426 481 640 663 766 794 885
242: 15 23 59 67 68 75 84 140 161 180 266 395 418 474 476 602 693 734 756 876 898 911 912 920
243: 3 12 25 36 45 110 147 159 205 240 290 343 393 482 557 721 808 845
244: 6 14 22 99 123 128 151 169 183 213 296 312 496 630 800 966 978
245: 12 18 33 34 37 46 101 147 165 214 304 309 332 376 391 441 739 934 993
246: 2 11 16 18 36 60 62 73 110 125 254 293 393 422 434 534 587 635 685 784 805 853 861 875 912 936
247: 0 14 19 23 28 39 77 109 180 203 449 517 694 901
248: 13 14 16 18 24 33 130 143 151 218 279 306 348 395 427 644 750 775 778 855 955
249: 7 42 81 86 88 95 104 122 139 190 274 347 453 585 674 722 767 836
250: 7 16 45 64 94 116 145 162 183 210 308 422 425 473 512 576 584 648 725 750 761 860 980
251: 11 15 28 71 116 145 157 187 231 238 282 344 349 358 369 372 413 423 431 444 659 682 707 839 847 852 877 941 943
252: 4 11 12 36 37 46 49 115 223 232 271 291 472 507 548 694
253: 21 36 64 96 104 113 161 165 191 215 374 387 397 404 495 531 577 685 707 811 834 843 857 864 982
254: 35 47 71 87 120 127 175 181 239 246 282 310 372 476 502 543 566 618 775 912
255: 13 22 23 35 43 96 101 106 142 202 258 325 384 407 471 491 501 749 850 855 857 883
256: 0 33 36 47 74 102 116 168 221 231 291 327 371 392 410 502 640 686 770 795 851 890 909
257: 33 37 64 66 88 89 103 121 162 202 323 382 385 641 726 885 931
258: 11 48 85 106 136 162 183 208 216 255 357 371 469 957 974
259: 15 21 22 48 84 116 125 143 170 236 274 563 864
260: 16 19 29 61 64 79 93 137 183 204 292 326 550 592 665
261: 24 36 38 45 73 82 127 142 154 223 303 560 589 603 670 766 856 865 931
262: 20 32 44 63 64 79 83 131 172 181 344 355 571 662 728 769 771 923
263: 2 12 14 16 33 46 62 97 177 220 311 316 399 456 470 489 514 662 666 740 855
264: 0 6 11 19 50 54 63 77 160 168 430 559 763 840 987
265: 14 17 20 27 61 107 123 161 189 236 354 373 530 546 710 765 844 940
266: 17 19 24 51 155 206 207 211 219 242 284 308 453 480 553 690 814 969 972
267: 0 3 12 19 27 48 64 65 120 214 276 283 285 294 298 332 384 421 472 490 517 530 650 773 805 815 840 850 859 908 930
268: 3 19 25 33 58 82 134 184 219 224 344 426 505 684 759 785 795 816 898 948 954 997
269: 15 22 23 29 85 110 164 186 215 220 279 379 412 613 880
270: 11 12 52 78 82 168 175 198 212 227 285 287 531 573 645 678 872 897 917 987 994
271: 0 7 9 25 50 68 69 106 169 252 348 409 418 606 657 659 755 869
272: 25 29 58 70 76 108 112 149 197 201 300 364 486 498 529 590 619 875
273: 0 6 21 34 40 71 83 160 173 236 291 299 323 547 699 869 930
274: 14 22 52 110 126 130 175 196 249 259 275 313 324 339 343 483 532 539 620 709 751 861 914 934 938 942 962
275: 3 11 13 14 19 41 48 114 185 274 325 566 587 699 903
276: 20 25 44 51 54 64 88 155 167 267 319 357 594 715 959
277: 13 48 70 101 126 148 161 169 212 229 351 366 374 392 422 436 590 688 692 719 756 823
278: 7 22 41 52 56 58 69 78 93 193 289 290 363 371 391 427 428 455 458 462 475 490 508 515 523 533 550 633 646 650 676 713 901 949
279: 5 11 19 26 72 73 99 110 248 269 333 591 695 771 824 888 904 947
280: 38 42 51 72 141 156 181 188 195 218 287 338 341 468 560
281: 7 21 29 36 58 60 91 95 202 210 496 812 981
282: 16 31 33 34 107 113 119 227 251 254 304 441 544 615 679 708 724 735 745 763 933
283: 16 17 20 26 37 59 63 97 177 267 328 352 428 457 478 503 517 529 558 625 900
284: 21 38 41 68 112 136 196 200 236 266 294 497 565 575 689 912
285: 7 29 32 89 127 184 200 238 267 270 337 401 413 455 585 635 764 886 951
286: 3 22 27 41 55 86 98 116 191 216 474 630 863 871
287: 0 12 67 96 101 152 170 223 270 280 301 418 537 551 612 681 759 787 853 900 907
288: 2 12 16 21 33 53 59 83 122 238 317 356 412 461 575 727
289: 21 32 80 86 112 123 159 201 216 278 336 408 598 726 747 780 794 806 871 947
290: 10 21 22 27 36 110 156 170 243 278 322 386 742
291: 22 24 64 65 73 114 173 252 256 273 346 357 367 380 534 546 956
292: 21 38 71 74 83 112 118 151 196 260 422 447 473 498 578 648 687 731 783 841 887
293: 13 38 68 77 109 158 170 197 239 246 313 725 970
294: 18 25 36 52 71 89 117 148 267 284 362 704 741 790 793 799 879 900
295: 7 9 25 34 38 93 137 175 176 232 363 384 410 565 679 693 695 771 791 965 966 979
296: 27 34 41 45 54 87 121 183 227 244 345 405 483 497 678 770 853 883 892
297: 2 3 7 11 12 13 62 65 100 176 413 424 477 501 555 578 628 667 698 730 769 802 900 940 980
298: 4 18 35 36 40 89 186 206 232 267 308 364 463 631 665 679 699 719 840 958
299: 6 21 27 76 84 125 167 189 218 273 320 432 607 709 799 800 826 852 945
300: 8 14 31 88 133 142 182 205 234 272 333 361 452 475 564 675 729 789 790 862 892 916 953 968 989 999
301: 14 27 38 51 58 82 106 143 175 287 344 412 465 510 519 903 921 983
302: 11 14 35 76 78 99 101 106 217 226 304 464 495 560 644 659 663 741
303: 14 37 38 71 112 144 158 186 206 261 526 573 580 658 883
304: 12 19 37 132 205 222 225 245 282 302 364 419 589 611 631 669 690 714 721 824 864 947
305: 17 39 51 60 99 102 181 190 195 224 311 326 398 421 492 497 543 555 596 651 742 816 834 863 886
306: 7 11 22 35 41 48 95 143 208 248 356 448 450 559 661 834 958
307: 6 14 19 38 77 117 145 151 169 201 459 588 618 670 708 748 775 856 964
308: 46 49 123 124 134 212 224 250 266 298 312 318 331 373 386 531 711 733 811 869
309: 13 14 22 44 56 110 112 131 187 245 350 386 411 437 530 535 697 718 881 906 918 922 937 943
310: 37 38 61 70 93 97 109 152 188 254 311 401 422 479 545 608 636 637 721 753 769 819 937
311: 13 14 29 33 50 66 189 263 305 310 326 359 680 756 764 885
312: 41 56 80 84 115 128 199 237 244 308 346 355 426 597 647 762 777 941
313: 26 36 55 82 83 86 145 176 274 293 321 591 769 864 894
314: 31 55 56 59 71 85 148 199 216 231 354 397 406 413 563 582 677 732 870
315: 11 21 25 27 48 53 93 143 169 170 317 323 458 489 570 700 729 768 772 778
316: 6 23 36 77 99 144 146 178 207 263 349 462 611 643 679 702 756 771 822 884 913 939
317: 4 32 47 56 57 59 206 238 288 315 371 472 614 730 751 842 864 910
318: 3 5 17 23 27 38 124 155 234 308 368 376 429 554 557 559 583 598 744 760 798 974
319: 0 6 29 30 92 108 183 188 197 276 366 369 383 427 429 439 531 608 627 682 969 985
320: 17 20 24 26 55 63 91 126 183 299 329 491 588 598 611 651 686 763 831 869
321: 3 12 49 64 107 145 184 194 199 313 402 462 504 535 580 584 662 768 833 919 924 943
322: 7 14 21 24 35 40 118 120 135 290 358 360 451 538 539 604 616 634 657 658 779 832 876 939 986
323: 16 21 40 59 108 181 237 257 273 315 396 469 723
324: 5 21 35 54 59 69 104 105 223 274 326 334 422 469 481 498 582 621 809 952
325: 6 13 25 33 59 85 130 155 255 275 336 429 571 721 909 923
326: 2 15 19 33 77 81 260 305 311 324 347 351 436 457 479 484 579 677 754 772 813 828 843
327: 12 16 17 22 32 54 71 212 220 256 348 350 360 381 384 431 524 585 658 679 713
328: 0 15 22 35 37 59 137 138 170 283 342 353 394 406 420 433 459 549 553 572 653 659 790 794 833 844 856 915 986
329: 0 7 33 54 66 84 139 146 210 320 416 424 453 519 568 753 838 995
330: 6 20 27 33 39 48 56 61 128 179 510 523 563 578 680 836
331: 7 23 24 34 42 77 125 132 136 308 335 336 462 468 654 772 986
332: 12 24 56 65 114 132 148 158 245 267 417 473 479 581 585 868 944
333: 21 29 34 56 65 84 219 223 279 300 359 618 925
334: 15 16 21 36 37 95 157 188 211 324 347 360 428 433 480 566 577 656 705 793 845 847 850 941
335: 0 34 41 47 86 102 104 170 224 331 362 476 483 504 551 635 673 745 822 830 860
336: 16 25 60 123 125 161 197 289 325 331 427 736 796
337: 6 15 18 22 98 165 187 218 233 285 579 691
338: 17 46 72 87 89 159 196 229 232 280 529 575 704 797 923
339: 17 24 68 102 131 203 215 219 226 274 342 355 403 421 473 534 592 690 767 962
340: 16 31 44 46 53 59 127 148 224 238 438 447 515 631 761 790
341: 10 12 18 19 22 27 116 140 161 280 416 452 545 558 561 660 801 804 827 841
342: 21 37 43 132 147 151 172 239 328 339 374 440 482 529 552 822 843
343: 12 13 18 65 108 136 170 229 243 274 712 731 993
344: 22 39 45 58 116 238 251 262 268 301 418 587 766 880
345: 5 10 18 27 48 54 62 175 219 296 569 628 740 741 907
346: 4 17 24 48 53 125 181 212 291 312 371 463 622 702 852
347: 4 16 20 29 59 136 222 249 326 334 368 455 471 642 701 714 857 884
348: 10 13 19 24 25 34 219 248 271 327 872
349: 12 29 31 40 91 110 126 208 251 316 431 466 481 659 819
350: 0 14 43 79 144 145 198 227 309 327 377 392 507 595 693 833 912 913
351: 12 16 23 45 73 84 141 225 277 326 382 418 477 792
352: 12 45 49 70 110 116 150 171 205 283 362 401 434 481 572 586 610 725 742 870
353: 0 3 17 39 61 106 122 136 210 328 585 968
354: 2 18 22 36 39 61 65 239 265 314 540 656 669 743 771 801 866
355: 21 24 78 81 154 207 217 262 312 339 373 406 430 471 548 565 691 700 720 761 763 780
356: 3 23 29 47 108 130 166 191 288 306 434 510 525 597 621 665 936
357: 4 14 20 126 170 195 226 258 276 291 392 396 414 458 460 650 696 702 720 800 894 902
358: 7 84 118 120 153 158 194 210 251 322 409 530 851
359: 13 16 29 42 64 65 190 192 311 333 446 477 507 580 599 732 788 826 940 959
360: 2 26 27 33 153 181 213 322 327 334 381 518 548 557 603 619 651 803 851 858 989
361: 37 63 96 104 138 141 161 166 235 300 384 394 428 532 586 658 673 674 700 775 860 868
362: 25 28 36 71 78 79 109 294 335 352 504 536 556 622 630 667 683 812 854 856 893
363: 0 41 59 60 88 103 150 195 278 295 433 510 511 636 686 710 797 820
364: 31 35 41 69 129 136 213 272 298 304 409
365: 10 16 62 72 77 82 93 135 139 237 388 416 545 575 576 790 791 836 890
366: 2 35 38 39 64 92 137 168 277 319 403 519 523 823
367: 22 24 37 72 147 170 194 197 210 291
368: 3 66 70 83 117 121 176 228 318 347 451 492 528 601 659 879
369: 15 27 31 81 88 97 194 241 251 319 620
370: 3 14 18 23 30 59 74 146 165 182 560 589 627 706 726 860 926 935
371: 28 31 156 159 191 256 258 278 317 346 378 452 453 554 663 935
372: 21 35 103 112 118 131 177 191 251 254 621 631 744 779
373: 22 37 53 56 59 70 147 265 308 355 558 696 740 910 965
374: 13 49 82 91 102 152 234 253 277 342 624 968
375: 14 34 38 41 46 57 58 77 186 236 408 435 568 586 732 749 820 859
376: 11 15 46 64 88 155 184 208 245 318 490 824 883
377: 18 21 60 71 88 89 93 102 237 350 411 531
378: 15 17 22 24 135 139 163 204 213 371 383 448 449 471 491 644 792 948 985
379: 51 53 59 79 151 162 203 224 239 269 390 395 472 684 858
380: 27 63 123 161 169 177 202 226 229 291 391 405 528 545 685 779 782 861 930
381: 20 33 37 40 42 46 79 168 327 360 388 420 464 589 593 725 764 844 882 890 919 970
382: 11 20 23 41 90 92 113 122 257 351 422 487 598 684
383: 11 17 74 96 130 141 207 213 319 378 433 456 464 547 548 652 688 809 888 936 969
384: 7 15 16 19 31 255 267 295 327 361 582 661 835 849 957 969
385: 8 14 17 25 97 108 118 121 228 257 522 567 618 625 681 866 966 981 994
386: 21 93 146 165 203 217 220 290 308 309 436 489 503 562 573 718 897 971
387: 3 15 29 38 46 63 77 144 214 253 485 777 787 885
388: 4 15 18 26 29 90 123 175 365 381 470 928 951 983
389: 15 23 27 34 60 71 79 113 184 227 418 521 624 654 657 693 785
390: 7 17 25 61 68 96 98 174 188 379 474 761 779 891
391: 14 19 23 25 73 123 135 245 278 380 419 585 660 680 779 829 911
392: 13 16 28 72 160 193 256 277 350 357 463 467 482 627 700 829 870 942
393: 14 16 17 61 62 161 165 190 243 246 542 611 619 716 736 759 931
394: 3 40 65 88 144 154 159 160 328 361 437 505 507 518 536 578 628 917 955 958
395: 17 52 140 144 168 213 236 242 248 379 408 422 517 540 596 612 845
396: 2 9 12 23 24 32 98 114 323 357 397 944
397: 6 23 25 29 72 86 194 253 314 396 416 460 477 595 623 626 810 915
398: 15 16 22 25 47 72 81 169 236 305 406 560 924
399: 13 38 48 66 99 104 117 141 209 263 439 546 569 605 649 653 712 732 845 850
400: 11 14 20 24 38 56 126 170 190 202 426 596 654 785 939
401: 23 49 89 98 142 194 205 285 310 352 618 724 778 895 933
402: 10 25 40 50 62 116 173 218 236 321 438 463 500 577 616 802 904
403: 12 25 29 90 165 188 206 212 339 366 407 469 544
404: 17 19 23 40 52 112 151 157 164 253 410 479 592 682 707 828 964 996
405: 13 25 39 66 108 141 169 212 296 380 491 494 877
406: 15 53 69 89 127 206 314 328 355 398 490 518 617 812
407: 6 7 101 128 161 174 200 239 255 403 450 620 689 735 826
408: 12 31 70 101 137 208 233 289 375 395 583 660
409: 5 17 28 38 101 115 225 271 358 364 465 530 573 597 664 672 755 820 839
410: 2 22 47 63 93 174 215 256 295 404 433 445 517 653 865 895 975
411: 23 24 25 34 84 157 171 181 309 377 444 489 523 524 526 566 633 700 735 838 868 947 978 997
412: 2 7 23 25 117 145 183 269 288 301 655 669 689
413: 13 39 102 144 163 168 251 285 297 314 723 911
414: 9 13 18 24 31 52 81 92 93 357 535 562 662
415: 8 13 15 21 37 38 47 62 93 162 492 635 690
416: 0 18 21 104 113 138 329 341 365 397 455 471 583 627 655 659
417: 7 16 26 56 57 62 77 93 136 332 419 454 648 694 808 865 876 956
418: 20 45 47 99 242 271 287 344 351 389 476 533 654
419: 11 26 35 49 85 93 154 304 391 417 881 977
420: 10 15 95 136 161 171 216 224 328 381 554 649 815
421: 11 15 46 77 166 169 205 267 305 339 569 599 612 614 896 967
422: 69 200 246 250 277 292 310 324 382 395 424 435 451 502 535 614 661 700
423: 29 32 46 85 96 158 194 226 240 251 431 432 449 476 492 559 580 581 597 699 753 873 942 959
424: 12 15 27 32 50 82 83 297 329 422 593 634 735 761
425: 9 14 48 98 111 122 145 150 187 250 505 730 841 857 913 973
426: 4 10 12 38 52 167 241 268 312 400 489 846 899
427: 18 34 63 66 113 175 248 278 319 336 511 551 572 626 636 687 763 917
428: 16 18 44 56 165 181 278 283 334 361 650 805 901
429: 6 14 17 78 170 218 236 318 319 325 625
430: 2 11 63 81 127 173 207 220 264 355 486 536 541 549 613 663 687
431: 2 11 16 23 58 198 251 327 349 423 446 471 505 508 698
432: 2 11 61 68 91 125 184 200 299 423 699 743 975
433: 15 22 34 102 196 328 334 363 383 410 462 466 543 724 929
434: 18 20 25 38 77 117 157 246 352 356 549 678 701 958
435: 10 27 28 64 71 85 141 200 375 422 520 646 650 662 723 757 810 979
436: 3 6 10 12 32 137 144 277 326 386 475 484 511 517 541 668 670 680 705 714 783 833 839
437: 3 13 14 48 60 118 143 144 309 394 438 541 800 996
438: 5 13 41 61 87 174 224 340 402 437 580 689 774 830
439: 19 34 57 70 203 204 216 235 319 399 481
440: 5 16 37 47 49 59 94 125 168 342 945
441: 13 41 87 114 117 132 181 186 245 282 642 671 754 774 866
442: 6 14 25 35 88 147 161 162 173 215 470 552 639 794 944
443: 17 45 82 88 117 123 141 207 220 236 509 626 632 816 841 990
444: 44 132 143 161 163 201 206 220 251 411 574 600 620 691 737 857 867 977
445: 15 36 39 51 64 80 188 201 215 410 552 588 640 802 992
446: 10 11 13 33 46 176 207 228 359 431 499 514 635 715 776 836 898
447: 19 23 33 36 100 122 141 142 292 340 983
448: 16 21 38 42 98 144 168 219 306 378 474 540 706 956
449: 10 11 30 37 57 133 176 247 378 423 482 545 556 591 803 989
450: 13 23 31 57 113 121 212 239 306 407 952 974
451: 5 16 26 29 30 118 123 322 368 422 462 503 510 628 639 711 726 862 916
452: 12 17 47 91 122 203 212 300 341 371 578 626 664
453: 13 88 122 167 200 237 249 266 329 371
454: 21 23 33 52 53 71 80 145 195 417 544 630 678 688 852 979
455: 15 38 104 131 164 170 278 285 347 416 478 510 550 604 679 865 957
456: 15 16 33 61 65 118 125 131 263 383 457
457: 25 29 53 70 126 175 225 283 326 456 458 562 640 656 753 929
458: 13 21 45 90 93 212 278 315 357 457 672 681 686 728 754 756 785 790 820 878 895
459: 4 22 38 39 49 93 126 127 307 328
460: 15 16 17 18 27 89 145 192 357 397 510 528 931
461: 11 14 20 23 38 48 52 67 104 288 470 480 495 571 780 918 952
462: 21 30 35 99 278 316 321 331 433 451 705 900
463: 17 22 55 92 113 120 298 346 392 402 522 627 707 777 841 869 928 946
464: 7 22 29 33 37 64 203 302 381 383 517 524 530 628 643 656 717 747 820 986
465: 11 13 36 39 62 125 139 227 301 409 581
466: 11 64 69 82 100 115 143 231 349 433 525 566 744 830 836 860 877 950
467: 14 53 61 62 67 180 184 190 219 392 525 765
468: 12 23 67 72 90 123 133 160 280 331 637 675 869 972
469: 41 70 88 174 184 219 258 323 324 403 515 855 862 946
470: 38 64 90 102 116 177 263 388 442 461 527 592 696 999
471: 11 20 47 82 255 347 355 378 416 431 501 537 740 758 781 911
472: 48 62 80 95 134 174 252 267 317 379 487 500 584 663 666 668 715 758 784 790 960 980
473: 25 34 48 56 66 96 250 292 332 339 592 651 969
474: 19 41 78 126 136 207 242 286 390 448 702 751 781 813 911 924
475: 18 71 105 107 115 130 132 278 300 436 524 655
476: 27 48 110 217 233 242 254 335 418 423 484 548 701 749 799 827
477: 11 13 19 146 180 218 297 351 359 397 500 897 941
478: 3 13 17 18 64 121 139 216 283 455 502 980
479: 17 25 26 28 98 128 310 326 332 404 631 723 928
480: 11 36 46 118 123 200 224 266 334 461 608 899 968
481: 5 14 15 28 42 241 324 349 352 439 510 708 825 933
482: 19 32 39 74 86 132 243 342 392 449 542 582 624 689 736 747 757
483: 4 30 36 49 50 137 222 274 296 335 618 619 668 675 757 799
484: 22 62 69 73 94 118 196 326 436 476 720 787
485: 18 29 36 53 73 82 192 223 228 387 703 849 862 993
486: 0 14 33 85 115 118 163 203 272 430 606 615 777 873 957
487: 12 19 21 42 89 99 136 178 382 472 537 783 957
488: 33 36 39 43 64 78 115 203 208 224 712 806 948
489: 7 8 81 203 235 263 315 386 411 426 542 619 631 649 825
490: 0 32 76 89 122 153 267 278 376 406 566 571 594 604 655 861 885 895 964
491: 15 36 79 102 131 181 255 320 378 405 505 821 822 890 902 994
492: 0 55 70 82 99 101 305 368 415 423 528 612 709 841 887 909
493: 6 15 16 46 83 84 123 144 212 224 647 664 666 692 844 986
494: 14 26 86 93 150 178 181 184 206 405 567 715 733
495: 23 25 27 71 90 116 220 253 302 461
496: 47 72 117 121 163 170 203 218 244 281 557 780 821 829 854
497: 38 121 126 177 178 181 224 284 296 305 729
498: 12 17 23 64 73 116 168 272 292 324 515 575 667 798 969
499: 11 14 26 27 41 68 131 217 232 446 564 661 750 851 870 892
500: 0 7 12 14 47 85 200 402 472 477 688 696 775 789
501: 14 31 34 41 48 123 154 255 297 471 576 926
502: 3 16 43 82 109 227 254 256 422 478 506 597 634 649 731 829 899 909
503: 15 16 28 34 61 63 165 283 386 451 864 935
504: 12 74 81 130 146 189 224 321 335 362 601 715 806
505: 14 22 98 148 156 268 394 425 431 491 686 819
506: 7 10 14 29 105 123 199 204 219 502
507: 10 14 19 86 202 226 252 350 359 394
508: 13 26 32 39 66 77 229 237 278 431 554 722 782 816 854 920 973
509: 2 7 31 56 92 99 133 141 218 443 550 660 888
510: 147 175 301 330 356 363 451 455 460 481 519 568 570 704 714 851 890
511: 2 25 84 149 175 186 219 363 427 436 707 750
512: 0 2 14 20 33 41 71 115 205 250 538 540 544 732 734 893
513: 6 48 56 57 93 103 107 181 188 215 615 643 711 907 994
514: 13 23 33 65 77 136 181 240 263 446 848
515: 2 47 67 120 170 195 278 340 469 498 714 865
516: 5 12 22 23 64 95 141 158 162 167 551 568 582
517: 12 41 48 247 267 283 395 410 436 464 646 778 874 903 948
518: 16 86 115 143 156 160 206 360 394 406 538 583 653 837 840 842 868 897 915 920 991
519: 11 14 20 25 126 156 301 329 366 510 678
520: 3 5 16 77 79 193 207 211 233 435 786 833 837 940 994
521: 22 31 33 46 67 90 197 211 238 389 546 599 620 637 971
522: 0 29 52 67 92 99 125 133 385 463 540 774 988
523: 22 83 104 114 147 206 278 330 366 411 543 594 674 697 714 719 736 746 825
524: 7 38 142 143 151 161 327 411 464 475 678 755 849
525: 7 12 15 45 46 166 194 356 466 467 541 573 718 975
526: 17 27 38 59 63 167 173 217 303 411
527: 11 19 27 29 41 67 136 148 220 470
528: 0 25 59 165 175 225 368 380 460 492 664 678 767 848 880 922 953 965 979
529: 13 38 50 65 181 187 272 283 338 342 559 703 921
530: 2 3 106 236 265 267 309 358 409 464 574 789 795 903
531: 33 35 39 126 168 253 270 308 319 377
532: 31 54 71 117 120 137 141 204 274 361 665 722 809
533: 0 1 21 36 116 143 170 213 278 418 544 586 603 687 691 819 821 876
534: 3 29 79 106 199 232 233 246 291 339 598 805 817
535: 68 73 101 177 200 221 309 321 414 422 645 668 716 904
536: 16 30 69 77 208 209 231 362 394 430 829 840 934 977
537: 5 79 80 124 216 236 238 287 471 487 663 740 921
538: 6 17 20 57 110 209 225 322 512 518 541 611 750 774 820 905 909 957
539: 0 11 38 53 71 107 151 214 274 322 565 621 766 809 880 950
540: 34 48 54 58 152 354 395 448 512 522 638 806 825 843 846 871 909
541: 7 21 22 37 230 430 436 437 525 538 694 704 802 889
542: 18 22 26 63 83 113 155 393 482 489 746 794 817
543: 37 43 94 142 156 191 254 305 433 523 550 577 654 731 776 819 938
544: 26 81 142 189 234 282 403 454 512 533 579 631 861 938
545: 5 36 57 70 77 310 341 365 380 449 795 803 809 846 985 991
546: 6 78 81 114 137 199 265 291 399 521 577 786 912
547: 7 35 39 49 81 107 207 215 273 383 577 584 612 994
548: 31 80 108 113 166 252 355 360 383 476 606 611 661 824 923
549: 18 31 88 139 183 207 222 328 430 434 616 675 759 814 890 927
550: 49 67 106 155 224 260 278 455 509 543 714
551: 7 25 51 87 111 142 287 335 427 516 556 730 791
552: 11 31 97 112 117 170 187 342 442 445 914
553: 14 33 38 39 104 139 154 194 266 328 579 708 732 781 846
554: 24 27 29 191 206 237 318 371 420 508 712 942
555: 2 25 27 59 67 133 186 187 297 305 567 610 695 791 955 978
556: 26 33 55 77 146 150 185 362 449 551 650 656 753 972 984
557: 14 31 71 82 135 204 243 318 360 496 787 811 863
558: 63 84 90 161 176 206 238 283 341 373 968
559: 39 78 85 158 202 264 306 318 423 529 648 704 713 830 926
560: 13 35 82 165 170 261 280 302 370 398 782 980
561: 2 12 38 47 53 98 104 150 189 341 749 766 841 894 973
562: 3 5 14 22 25 30 135 386 414 457 646 681 701 878
563: 12 17 40 56 135 137 205 259 314 330 641
564: 48 68 78 85 94 136 169 221 300 499 641 730
565: 46 48 71 123 131 200 284 295 355 539 566 693 786 830 862 886 914
566: 2 43 74 254 275 334 411 466 490 565 599 736 745
567: 8 26 31 37 84 101 128 385 494 555 801 827 958
568: 11 17 22 27 35 40 329 375 510 516 650 994
569: 6 12 23 39 52 165 233 345 399 421 627 631 654 668 754 883 960
570: 2 7 13 37 105 200 201 215 315 510 572 596 656 975 997
571: 3 10 29 65 136 195 262 325 461 490 746 847 950 999
572: 21 63 106 126 173 194 328 352 427 570 706 907
573: 27 144 190 206 209 270 303 386 409 525
574: 31 35 56 61 81 110 129 154 444 530 804 991
575: 11 28 35 39 142 284 288 338 365 498 731 910 951
576: 7 11 15 40 94 105 128 250 365 501 638 757 804 894
577: 2 7 13 202 253 334 402 543 546 547 835
578: 13 39 41 143 212 292 297 330 394 452 603 710 770 823
579: 22 81 88 122 156 219 326 337 544 553 744
580: 17 38 124 125 151 303 321 359 423 438 583 896 901
581: 36 79 90 106 164 176 177 332 423 465 749 922
582: 7 129 168 178 210 314 324 384 482 516 603 622 702 737 742 767 891
583: 0 16 200 226 229 318 408 416 518 580 609 793 829 924
584: 7 12 37 66 166 174 250 321 472 547 826 928 978
585: 18 22 108 134 249 285 327 332 353 391
586: 41 48 143 158 205 232 352 361 375 533 698 728 825 931 937
587: 15 16 33 46 57 155 184 246 275 344 597 626 647 662 816
588: 3 21 67 107 118 198 219 307 320 445 741 752 934 965
589: 6 11 15 144 186 230 261 304 370 381 672 682 692 859 925
590: 6 10 20 37 64 99 109 142 272 277 731 739
591: 12 49 67 105 129 174 195 279 313 449 802 841
592: 18 22 74 82 193 260 339 404 470 473 596 660 935
593: 35 36 46 84 117 121 131 224 381 424 716 825 946 988
594: 3 68 82 113 118 168 238 276 490 523 709 764 868
595: 5 13 17 19 23 48 62 88 350 397 642 758 863 982
596: 5 27 90 176 233 305 395 400 570 592 681 801
597: 16 18 124 133 312 356 409 423 502 587 613 715 728 778 785 914
598: 36 42 47 131 194 289 318 320 382 534 616 686 697 709 828
599: 3 19 23 115 132 183 359 421 521 566 759
600: 0 15 31 75 142 167 187 214 232 444
601: 0 2 7 15 38 81 122 203 368 504 677 701
602: 11 14 15 17 28 65 87 127 198 242 614 637 700 751 831 929
603: 23 35 88 121 188 261 360 533 578 582 626 818 855
604: 53 84 100 136 144 158 218 322 455 490 774 837
605: 2 17 37 48 49 60 80 128 237 399 744 924
606: 13 17 94 153 168 171 178 271 486 548 713 740 766 805 976
607: 7 12 37 64 77 91 138 183 200 299 678 835 969
608: 12 15 41 90 102 171 227 310 319 480
609: 10 17 19 40 53 63 139 194 211 583 692 769
610: 0 13 14 33 41 53 141 206 352 555 724 791 839 858 923
611: 23 27 49 145 304 316 320 393 538 548 623 918 942 996
612: 3 10 11 28 49 287 395 421 492 547 628 633 863 872 969
613: 2 16 22 29 33 79 208 269 430 597 684 694 818 955
614: 7 36 108 136 177 184 317 421 422 602 936
615: 1 27 46 68 69 184 217 282 486 513 707 710 811 878 906
616: 20 99 112 160 170 175 322 402 549 598 671 983
617: 3 13 41 46 103 150 185 210 224 406 647 908
618: 11 60 204 217 254 307 333 385 401 483 745 751 875
619: 5 24 37 41 64 272 360 393 483 489 745
620: 0 22 26 101 181 274 369 407 444 521 886 906
621: 10 13 26 46 84 113 324 356 372 539 759 951 996
622: 7 21 130 145 148 212 215 346 362 582 627 676 690 751
623: 26 67 73 102 128 138 143 166 397 611 647 667
624: 44 104 113 122 148 218 222 374 389 482 629 688 717 746 750 796 892
625: 15 16 20 125 130 132 200 283 385 429
626: 23 31 105 163 397 427 443 452 587 603 671
627: 58 88 238 319 370 392 416 463 569 622 744 837
628: 22 43 73 148 297 345 394 451 464 612 752 758 979
629: 5 16 88 101 113 121 127 198 213 624 672 792 838 859
630: 5 77 94 134 143 173 244 286 362 454 877
631: 26 85 298 304 340 372 479 489 544 569 665 834
632: 3 14 17 37 80 89 104 165 176 443 720 897
633: 0 8 18 31 69 71 116 278 411 612 856 892
634: 7 10 13 40 67 130 181 322 424 502
635: 23 25 39 99 202 246 285 335 415 446 715 768 818 952
636: 0 21 35 75 119 120 175 310 363 427 862
637: 10 25 47 50 203 209 310 468 521 602 738 841
638: 17 25 48 55 62 163 204 209 540 576 642 902
639: 12 20 38 74 103 104 139 181 442 451 687 834
640: 4 20 48 51 72 229 241 256 445 457 696 920
641: 7 12 14 22 94 181 200 257 563 564 795 824 873 875
642: 19 150 158 200 206 230 347 441 595 638 742 837
643: 16 29 31 152 172 176 233 316 464 513 732
644: 27 29 37 50 74 80 163 248 302 378 658 769 783 919
645: 16 31 32 43 46 62 89 154 270 535 726
646: 20 80 83 90 93 148 278 435 517 562 750 763 925 995
647: 21 72 126 132 217 312 493 587 617 623 748 831 951 978
648: 14 30 70 82 229 240 250 292 417 559 799 943
649: 15 32 38 54 106 173 399 420 489 502 884 895
650: 37 93 186 267 278 357 428 435 556 568 862 884
651: 17 36 69 124 143 206 305 320 360 473 690 730 939 954
652: 3 19 25 35 38 106 126 139 149 383
653: 5 15 27 188 210 220 328 399 410 518 681 726 746 829
654: 46 151 230 233 331 389 400 418 543 569 932
655: 41 46 48 61 151 211 412 416 475 490 752 871
656: 16 23 83 198 334 354 457 464 556 570 689 829 955
657: 18 26 84 88 90 95 173 271 322 389
658: 0 5 41 101 172 303 322 327 361 644
659: 50 114 122 251 271 302 328 349 368 416 775 876
660: 13 17 23 29 119 341 391 408 509 592 703 842 844 983
661: 30 64 114 146 169 306 384 422 499 548
662: 17 120 138 217 262 263 321 414 435 587 723 742 761 787 800 828 989
663: 26 55 95 197 241 302 371 430 472 537 777 784 915
664: 13 18 25 46 103 129 409 452 493 528 944 973
665: 38 91 98 168 190 260 298 356 532 631 758 802 878
666: 26 36 136 170 178 216 233 263 472 493
667: 14 27 52 61 148 201 297 362 498 623 777 806 831
668: 10 32 47 93 210 436 472 483 535 569 887 930
669: 23 29 77 123 177 190 229 304 354 412 723 753 867 884 893
670: 18 24 57 115 145 218 219 261 307 436 988
671: 12 14 16 113 161 169 187 441 616 626 756 805 834 871 935
672: 13 17 38 41 145 197 409 458 589 629 688 703 853 867
673: 7 17 27 48 57 91 112 144 335 361 702 863 992
674: 0 16 33 34 93 149 165 249 361 523 719 901
675: 13 39 46 71 177 201 300 468 483 549 699 732 760 931
676: 18 36 45 69 128 158 170 178 278 622
677: 0 14 15 73 101 157 171 314 326 601 683 718 886 897
678: 41 121 270 296 434 454 519 524 528 607
679: 12 85 138 152 282 295 298 316 327 455
680: 17 24 83 99 157 186 311 330 391 436 711 865
681: 19 22 76 154 287 385 458 562 596 653 725 814 819 822
682: 17 46 60 105 140 218 251 319 404 589 802 905
683: 13 40 53 75 87 104 157 203 362 677 763 773 858 896
684: 15 23 48 155 222 223 268 379 382 613
685: 9 10 22 33 67 78 206 246 253 380 970
686: 4 23 27 90 256 320 363 458 505 598
687: 12 36 83 188 196 292 427 430 533 639
688: 2 13 82 115 277 383 454 500 624 672 717 826
689: 23 71 136 159 284 407 412 438 482 656 911 934 946 993
690: 28 35 169 199 266 304 339 415 622 651 741 896
691: 7 12 46 47 173 208 337 355 444 533 734 962
692: 22 74 98 164 178 182 277 493 589 609 794 833 882
693: 28 83 118 150 154 242 295 350 389 565
694: 47 109 139 198 236 247 252 417 541 613 832
695: 7 11 18 39 131 147 186 279 295 555 717
696: 23 33 145 202 203 357 373 470 500 640 740 756 944 957 987
697: 7 26 44 48 84 147 217 309 523 598 815 973
698: 4 13 34 38 81 115 125 297 431 586 909
699: 6 17 161 202 273 275 298 423 432 675
700: 4 22 224 315 355 361 392 411 422 602 778
701: 14 16 53 125 157 347 434 476 562 601 728
702: 42 43 79 192 316 346 357 474 582 673 741 815
703: 14 36 55 84 136 215 485 529 660 672 734 784 845 907 992
704: 13 28 155 164 189 294 338 510 541 559 893 925
705: 3 15 16 45 106 114 162 334 436 462 811 933 971
706: 14 15 17 52 59 86 99 370 448 572
707: 0 126 150 187 251 253 404 463 511 615
708: 13 15 28 38 50 76 282 307 481 553 816 848 855 913 966
709: 15 17 21 81 122 274 299 492 594 598 760 869 965
710: 0 9 14 60 76 172 265 363 578 615
711: 36 57 124 144 175 206 308 451 513 680 762
712: 0 11 19 78 171 178 343 399 488 554 871 998
713: 10 126 132 145 219 239 278 327 559 606 792 796
714: 11 136 190 304 347 436 510 515 523 550 823 890
715: 25 110 141 276 446 472 494 504 597 635 720 906
716: 14 15 20 36 64 144 169 393 535 593 880
717: 0 18 21 46 102 238 464 624 688 695
718: 26 31 38 83 134 175 309 386 525 677 762
719: 41 78 134 136 150 207 277 298 523 674 946 950
720: 6 16 21 48 152 355 357 484 632 715 814 921 963
721: 20 29 40 112 121 195 243 304 310 325
722: 13 23 32 119 131 135 223 249 508 532
723: 3 46 61 108 323 413 435 479 662 669 930 934
724: 5 21 47 59 146 178 282 401 433 610 795 824 992
725: 7 16 21 33 175 250 293 352 381 681 845
726: 11 33 38 78 257 289 370 451 645 653 990
727: 6 8 25 59 86 158 165 183 211 288
728: 11 71 114 124 189 262 458 586 597 701 807
729: 13 23 24 25 114 131 135 300 315 497 815 930
730: 15 42 67 143 297 317 425 551 564 651 747 854 924 970
731: 28 88 142 157 292 343 502 543 575 590 859
732: 27 213 314 359 375 399 512 553 643 675 879 996
733: 15 26 37 42 48 61 192 202 308 494 959
734: 0 12 34 72 133 163 242 512 691 703 772 851
735: 13 27 71 101 112 118 282 407 411 424 914
736: 27 105 167 198 219 336 393 482 523 566 771 798 952
737: 17 22 33 36 42 113 181 206 444 582 854 961
738: 4 5 57 157 187 189 214 219 229 637 786
739: 2 14 18 63 140 192 211 229 245 590
740: 146 188 225 263 345 373 471 537 606 696
741: 5 48 110 214 294 302 345 588 690 702 758
742: 21 23 40 234 290 305 352 582 642 662
743: 21 40 93 107 132 135 168 224 354 432 828 845 949
744: 1 23 171 212 318 372 466 579 605 627 943
745: 12 26 56 69 213 282 335 566 618 619 754 779 937 986
746: 31 54 147 177 212 523 542 571 624 653 784
747: 11 18 33 61 94 176 289 464 482 730
748: 17 23 51 80 118 166 186 201 307 647 859
749: 12 23 48 61 211 255 375 476 561 581
750: 90 119 147 248 250 499 511 538 624 646 899
751: 5 51 89 102 274 317 474 602 618 622 838
752: 20 66 99 109 120 204 209 588 628 655 939 941
753: 9 51 151 164 310 329 423 457 556 669 820 853 992
754: 4 13 16 33 186 326 441 458 569 745
755: 23 31 32 39 113 189 216 271 409 524 806 890 924
756: 12 20 160 242 277 311 316 458 671 696 892 967
757: 16 38 65 116 217 239 435 482 483 576 758 779 788 855 976
758: 15 37 134 471 472 595 628 665 741 757 878 925
759: 11 59 63 118 268 287 393 549 599 621 826
760: 2 12 19 39 63 131 185 318 675 709 849
761: 16 26 165 212 250 340 355 390 424 662 791 812 920
762: 3 12 50 72 114 121 185 312 711 718 815
763: 7 116 155 264 282 320 355 427 646 683 889
764: 16 28 143 149 218 222 285 311 381 594 906
765: 7 10 26 32 36 59 71 100 265 467 799
766: 122 183 196 226 241 261 344 539 561 606 916 965 993
767: 14 16 18 19 84 108 249 339 528 582 822
768: 12 36 59 84 106 208 212 315 321 635 819 945
769: 67 85 108 133 262 297 310 313 609 644 848
770: 11 13 34 77 88 128 167 256 296 578 835
771: 10 60 124 144 262 279 295 316 354 736 804 890 944 985
772: 19 33 83 84 136 179 315 326 331 734
773: 6 17 36 79 117 138 172 202 267 683 948 975
774: 28 94 101 119 159 438 441 522 538 604 795 866
775: 13 64 91 97 248 254 307 361 500 659 889
776: 7 11 12 55 56 64 83 171 446 543 865
777: 63 76 168 213 312 387 463 486 663 667
778: 11 15 93 144 248 315 401 517 597 700 814 839 927
779: 13 16 148 322 372 380 390 391 745 757 802 904
780: 5 12 33 83 88 178 289 355 461 496
781: 37 59 61 64 78 184 228 471 474 553 870 957
782: 11 30 53 162 176 198 218 380 508 560
783: 3 7 34 39 82 143 292 436 487 644 918
784: 21 25 32 45 105 246 472 663 703 746 834 914 926 993
785: 5 11 37 44 201 268 389 400 458 597 886 899
786: 4 11 45 56 139 142 520 546 565 738 970
787: 57 61 78 81 122 287 387 484 557 662
788: 6 7 23 24 71 87 171 236 359 757 803 906
789: 10 22 26 29 71 90 180 300 500 530
790: 86 100 148 294 300 328 340 365 458 472
791: 36 137 179 214 295 365 551 555 610 761 833 936
792: 24 53 71 97 120 216 351 378 629 713 904
793: 23 36 70 91 131 161 240 294 334 583 836
794: 13 86 128 203 241 289 328 442 542 692
795: 107 170 172 256 268 530 545 641 724 774
796: 28 45 56 133 142 192 194 336 624 713 849 975
797: 31 66 76 102 124 141 171 220 338 363 891 897
798: 16 33 41 54 88 114 212 318 498 736 824
799: 21 67 88 170 294 299 476 483 648 765 932 970
800: 7 20 28 101 237 244 299 357 437 662 848 859 886 929 970
801: 18 25 46 55 89 222 341 354 567 596 849
802: 2 230 297 402 445 541 591 665 682 779
803: 0 14 23 39 134 232 360 449 545 788 941
804: 42 45 78 86 138 218 341 574 576 771 858
805: 10 28 36 230 246 267 428 534 606 671 998
806: 27 53 141 199 289 488 504 540 667 755 840 898
807: 12 35 38 39 104 128 157 209 238 728 843 867
808: 3 9 16 41 47 58 59 179 243 417 812 979
809: 9 15 23 30 225 324 383 532 539 545
810: 5 11 18 21 24 55 71 107 397 435
811: 10 22 59 132 225 253 308 557 615 705
812: 2 12 15 42 142 281 362 406 761 808 879 971
813: 6 20 46 80 88 143 198 212 326 474 854
814: 36 51 90 91 119 266 549 681 720 778 818
815: 7 13 73 116 267 420 697 702 729 762 858 909
816: 88 181 199 203 268 305 443 508 587 708 850 892
817: 10 11 18 21 69 97 145 168 534 542 832 864 952
818: 42 45 51 104 156 161 603 613 635 814 822 849 925 928
819: 3 28 202 310 349 505 533 543 681 768 954
820: 178 188 203 363 375 409 458 464 538 753 913
821: 11 26 33 47 63 152 178 491 496 533 898 949
822: 15 33 106 316 335 342 491 681 767 818 847 923
823: 20 49 79 93 177 212 277 366 578 714 950
824: 18 84 122 279 304 376 548 641 724 798 847 916 937 942 951
825: 19 70 98 107 481 489 523 540 586 593 860
826: 4 151 212 238 299 359 407 584 688 759
827: 28 33 36 77 88 136 186 341 476 567 881
828: 13 38 54 125 221 326 404 598 662 743
829: 57 136 391 392 496 502 536 583 653 656
830: 18 31 52 149 220 335 438 466 559 565 913 926
831: 17 18 20 26 70 225 320 602 647 667 880
832: 30 32 36 51 62 122 222 322 694 817
833: 17 39 205 321 328 350 436 520 692 791 879 883 896 902
834: 18 19 51 253 305 306 631 639 671 784 995
835: 5 43 69 70 143 236 384 577 607 770 855
836: 13 58 94 130 249 330 365 446 466 793 876 916 978
837: 18 32 35 51 95 518 520 604 627 642 839 888
838: 13 18 23 197 206 209 329 411 629 751
839: 14 24 55 146 251 409 436 610 778 837 882
840: 18 110 124 198 264 267 298 518 536 806
841: 28 292 341 425 443 463 492 561 591 637 863 905
842: 3 101 104 108 109 167 170 317 518 660 925
843: 12 154 167 170 181 253 326 342 540 807 932 990
844: 33 48 74 169 170 265 328 381 493 660
845: 54 196 201 243 334 395 399 703 725 743 946
846: 10 30 42 66 110 114 426 540 545 553 917
847: 3 36 50 110 177 251 334 571 822 824 889
848: 34 37 50 60 73 514 528 708 769 800 916
849: 37 80 130 384 485 524 760 796 801 818 991
850: 12 22 49 76 215 255 267 334 399 816
851: 7 13 21 78 256 358 360 499 510 734
852: 36 60 71 102 116 185 251 299 346 454 984
853: 7 15 18 21 104 246 287 296 672 753
854: 10 25 52 152 362 496 508 730 737 813
855: 15 69 248 255 263 469 603 708 757 835 881
856: 11 21 47 168 177 261 307 328 362 633 980
857: 0 45 57 84 178 253 255 347 425 444 899
858: 10 44 77 187 360 379 610 683 804 815 918
859: 10 20 63 267 375 589 629 731 748 800 999
860: 18 33 64 188 250 335 361 370 466 825
861: 15 27 64 104 211 246 274 380 490 544 889
862: 41 53 96 300 451 469 485 565 636 650
863: 15 17 124 286 305 557 595 612 673 841 930
864: 15 47 64 253 259 304 313 317 503 817 910
865: 83 122 203 261 410 417 455 515 680 776 872 975
866: 2 7 17 20 134 169 354 385 441 774 876
867: 16 31 85 93 115 132 444 669 672 807
868: 25 28 40 61 176 332 361 411 518 594
869: 77 136 137 271 273 308 320 463 468 709
870: 31 34 72 80 106 314 352 392 499 781 994
871: 6 125 217 226 286 289 540 655 671 712
872: 22 46 156 179 185 224 270 348 612 865 979
873: 29 33 71 147 176 217 232 423 486 641
874: 19 20 26 77 99 131 154 197 207 517 927
875: 14 23 49 61 66 108 246 272 618 641 891 924
876: 27 36 139 242 322 417 533 659 836 866
877: 11 30 57 69 218 221 251 405 466 630
878: 12 79 119 131 206 458 562 615 665 758 949
879: 4 7 21 48 102 294 368 732 812 833 898
880: 18 112 120 143 269 344 528 539 716 831
881: 37 129 132 184 222 226 309 419 827 855 964
882: 7 11 15 26 206 217 222 381 692 839 931
883: 13 24 86 139 255 296 303 376 569 833 889 948
884: 9 23 71 119 220 316 347 649 650 669
885: 11 15 26 98 218 241 257 311 387 490 954
886: 38 41 51 285 305 565 620 677 785 800
887: 44 47 59 88 113 141 224 292 492 668 957
888: 0 22 27 144 174 229 279 383 509 837 989
889: 9 11 21 36 541 763 775 847 861 883
890: 157 256 365 381 491 510 549 714 755 771 905
891: 17 27 89 130 132 175 390 582 797 875
892: 37 161 200 296 300 499 624 633 756 816 974
893: 2 10 53 78 83 106 362 512 669 704
894: 11 12 43 59 184 206 313 357 561 576 997
895: 11 20 40 56 177 401 410 458 490 649 989
896: 11 17 22 45 87 421 580 683 690 833
897: 7 41 57 270 386 477 518 632 677 797
898: 10 68 92 155 242 268 446 806 821 879
899: 21 48 161 197 426 480 502 750 785 857
900: 5 13 62 82 152 283 287 294 297 462
901: 33 59 90 164 187 247 278 428 580 674 938 941
902: 35 37 79 85 91 163 357 491 638 833
903: 11 12 24 36 93 136 275 301 517 530
904: 2 30 35 86 125 279 402 535 779 792
905: 7 61 70 112 169 209 538 682 841 890
906: 26 45 172 228 309 615 620 715 764 788 916 998
907: 15 19 59 101 160 287 345 513 572 703
908: 12 18 71 80 88 133 177 218 267 617
909: 7 12 256 325 492 502 538 540 698 815 913 984
910: 11 15 29 32 33 225 317 373 575 864
911: 5 16 20 33 242 391 413 471 474 689
912: 12 15 64 86 242 246 254 284 350 546
913: 73 138 217 316 350 425 708 820 830 909 918 973
914: 46 49 51 233 274 552 565 597 735 784
915: 12 34 110 130 168 207 328 397 518 663 982
916: 0 12 22 300 451 766 824 836 848 906
917: 26 47 86 93 123 124 270 394 427 846
918: 5 37 126 163 309 461 611 783 858 913 984
919: 11 15 35 66 121 143 161 321 381 644
920: 35 57 100 119 187 242 508 518 640 761 964
921: 11 24 59 97 117 197 301 529 537 720 983
922: 15 17 24 40 66 147 175 309 528 581
923: 26 124 141 213 262 325 338 548 610 822 933
924: 14 73 321 398 474 583 605 730 755 875 950 979
925: 25 27 107 333 589 646 704 758 818 842 926
926: 3 13 90 125 370 501 559 784 830 925 941
927: 24 37 38 124 170 231 233 549 778 874
928: 50 69 81 144 174 388 463 479 584 818
929: 20 39 43 68 106 230 433 457 602 800 963
930: 3 23 137 267 273 380 668 723 729 863
931: 11 38 121 257 261 393 460 586 675 882 935 966
932: 7 22 38 49 178 191 219 654 799 843
933: 57 102 129 179 215 282 401 481 705 923
934: 15 46 83 158 245 274 536 588 689 723
935: 24 26 96 160 370 371 503 592 671 931
936: 70 74 126 181 221 246 356 383 614 791
937: 12 26 65 119 132 309 310 586 745 824
938: 2 7 8 12 27 46 274 543 544 901
939: 11 60 122 171 173 316 322 400 651 752
940: 15 94 99 108 130 225 265 297 359 520 990
941: 40 59 251 312 334 477 752 803 901 926
942: 13 24 49 124 274 392 423 554 611 824
943: 11 13 58 143 145 251 309 321 648 744
944: 43 52 62 207 332 396 442 664 696 771
945: 2 5 12 17 121 188 208 299 440 768
946: 38 55 82 160 463 469 593 689 719 845
947: 0 25 28 64 83 139 279 289 304 411 967
948: 7 41 49 208 268 378 488 517 773 883
949: 12 21 26 111 118 219 278 743 821 878 958
950: 0 27 95 193 466 539 571 719 823 924
951: 139 169 190 213 285 388 575 621 647 824
952: 0 9 204 226 324 450 461 635 736 817 981
953: 10 39 46 98 133 151 216 223 300 528
954: 8 15 29 51 126 135 268 651 819 885
955: 4 13 57 145 237 248 394 555 613 656
956: 30 82 112 117 134 225 230 291 417 448
957: 6 258 384 455 486 487 538 696 781 887 960
958: 10 87 189 234 298 306 394 434 567 949
959: 20 28 36 83 130 187 276 359 423 733
960: 17 24 63 90 132 212 218 472 569 957 990
961: 13 17 19 92 107 184 189 213 234 737
962: 48 74 112 121 135 176 214 274 339 691
963: 5 7 11 72 84 99 126 156 720 929
964: 14 72 77 107 214 307 404 490 881 920
965: 7 110 138 173 295 373 528 588 709 766 981 993
966: 6 7 15 25 173 244 295 385 708 931
967: 3 22 37 56 85 98 119 421 756 947 981
968: 3 103 109 145 172 300 353 374 480 558
969: 124 199 266 319 383 384 473 498 607 612 979
970: 43 54 219 293 381 685 730 786 799 800 976
971: 44 64 86 122 137 201 386 521 705 812
972: 7 13 16 27 40 54 161 266 468 556
973: 16 32 43 56 425 508 561 664 697 913
974: 18 30 40 50 206 213 258 318 450 892
975: 46 108 179 410 432 525 570 773 796 865
976: 9 37 78 87 151 181 188 606 757 970
977: 6 7 13 85 102 171 236 419 444 536
978: 43 55 120 175 244 411 555 584 647 836
979: 226 295 435 454 528 628 808 872 924 969
980: 21 36 86 96 250 297 472 478 560 856
981: 16 57 93 166 209 281 385 952 965 967
982: 14 17 19 37 49 108 209 253 595 915
983: 13 20 158 210 301 388 447 616 660 921
984: 22 27 47 59 79 161 556 852 909 918
985: 33 62 170 173 237 238 319 378 545 771
986: 11 154 176 230 322 328 331 464 493 745
987: 2 11 35 81 171 179 203 264 270 696
988: 6 13 64 100 144 187 212 522 593 670
989: 15 46 67 79 300 360 449 662 888 895
990: 16 44 58 63 214 443 726 843 940 960
991: 17 21 23 30 107 195 518 545 574 849
992: 0 81 125 162 213 445 673 703 724 753
993: 39 79 83 245 343 485 689 766 784 965
994: 171 208 270 385 491 513 520 547 568 870
995: 17 73 89 92 121 125 236 329 646 834
996: 2 14 15 23 40 404 437 611 621 732
997: 61 115 144 193 217 228 268 411 570 894
998: 2 13 38 45 51 153 206 712 805 906
999: 10 16 24 78 91 210 300 470 571 859
