0: 1 2 3 4 5 6 7 8 9 10 12 14 18 20 23 30 31 43 51 61 62 66 72 83 87 88 93 95 101 120 121 141 149 180 181 196 197 217 268 283 309 317 318 325 346 374 400 416 428 437 443 480 484 495 517 519 522 580 616 654 668 670 673 685 698 719 726 754 777 800 803 815 846 871 902 908 931
1: 0 6 7 9 11 12 14 15 16 21 22 24 26 27 39 45 55 63 65 69 84 94 127 128 130 145 147 153 157 171 176 205 221 247 253 264 325 340 355 404 411 434 438 467 484 511 537 540 543 570 574 595 607 647 708 717 745 748 758 764 785 787 821 827 846 960 969 974 979
2: 0 6 11 19 21 23 69 78 102 122 150 168 233 311 339 539 609 658 736
3: 0 6 8 9 10 11 12 16 17 19 20 29 30 34 36 40 47 48 49 52 53 56 58 65 77 103 116 132 142 147 152 160 162 165 167 181 191 202 232 246 273 283 314 321 331 332 344 345 348 358 383 391 393 412 415 418 421 453 456 483 497 516 526 576 578 584 604 619 627 630 636 648 653 660 673 679 684 685 694 696 701 706 708 731 751 766 782 783 800 804 843 879 908 918 920 922 939 960 962 982
4: 0 7 15 23 26 40 41 48 70 76 87 90 92 113 152 206 218 227 286 300 305 326 355 444 610 618 630 650 666 800 807 830 859 890 927 934 942 957 999
5: 0 6 7 8 11 13 17 22 29 35 53 141 150 170 177 188 217 263 280 284 289 293 334 413 435 561 567 599 720 844 855 905 913 946 970
6: 0 1 2 3 5 7 8 9 10 12 13 14 15 18 21 30 31 33 34 36 38 39 44 48 50 51 61 64 66 74 76 83 86 91 96 103 112 113 115 122 126 148 160 186 190 204 206 207 208 209 212 231 234 236 241 262 308 312 316 321 322 352 354 358 363 382 388 394 396 404 416 422 429 439 440 478 497 554 558 564 592 600 606 615 620 626 628 637 638 640 656 677 688 694 732 733 745 780 781 822 823 840 849 850 866 903 917 966 975
7: 0 1 4 5 6 8 9 13 15 17 21 25 31 32 37 38 49 56 59 66 68 72 73 80 97 101 111 118 129 169 171 173 205 208 214 217 220 242 249 273 282 291 299 305 309 337 342 347 348 381 406 421 433 472 481 530 553 608 627 632 647 695 737 740 741 753 757 758 771 780 794 801 841 851 904 908 924 954 960 989
8: 0 3 5 6 7 10 26 30 31 37 39 44 46 49 51 52 53 61 96 98 147 168 208 220 235 251 255 261 280 301 328 338 341 344 358 362 365 378 379 395 402 403 410 413 417 438 441 458 482 504 510 540 598 608 624 627 652 712 754 763 774 820 836 844 869 895 968 977 997
9: 0 1 3 6 7 10 13 14 15 17 18 19 20 21 27 33 34 35 50 56 57 60 65 67 69 79 81 84 96 97 104 117 124 149 158 166 169 172 173 181 182 196 210 219 268 274 279 286 310 323 327 328 352 367 395 408 411 424 446 459 484 503 523 526 550 585 605 627 630 680 711 724 777 803 813 822 842 857 897 904 919 991
10: 0 3 6 8 9 11 13 22 24 30 33 35 38 57 58 75 83 124 130 142 162 173 203 207 214 221 312 314 320 355 360 415 449 452 479 494 508 521 522 524 546 601 637 648 661 702 707 741 749 766 806 807 814 826 835 845 924
11: 1 2 3 5 10 12 16 18 25 28 41 42 52 59 63 68 79 80 106 123 155 156 164 209 250 297 434 544 574 597 600 615 621 681 756 779 819 867 886 897 942 954 975
12: 0 1 3 6 11 16 17 18 24 28 29 42 45 50 99 117 118 119 126 131 140 144 147 151 152 154 201 216 265 313 346 350 351 366 393 408 428 438 449 463 474 501 531 534 554 563 584 608 614 626 667 703 731 749 802 838 861 948 949
13: 5 6 7 9 10 14 16 23 24 28 29 32 40 46 47 58 63 66 71 77 84 86 88 89 91 95 106 111 113 135 141 142 147 150 151 161 164 171 174 195 204 213 228 233 239 274 289 301 304 308 327 354 388 389 469 470 506 509 511 529 613 617 652 675 704 729 739 782 806 843 858 895 909 952 984
14: 0 1 6 9 13 32 70 139 186 206 226 285 316 332 349 399 454 461 609 625 654 701 747 776 798 811 959
15: 1 4 6 7 9 19 23 25 33 35 36 40 42 43 44 57 70 74 76 90 95 112 131 152 163 170 172 173 174 179 182 191 192 200 214 219 228 232 234 273 294 301 310 311 321 328 329 364 384 419 451 458 501 506 549 554 558 572 588 638 646 647 666 672 676 695 697 713 750 769 780 790 805 810 815 834 870 879 958 987
16: 1 3 11 12 13 20 22 26 36 40 48 63 80 85 96 98 127 156 184 189 233 262 279 294 301 308 309 331 347 356 363 390 421 456 457 506 525 544 560 618 629 649 655 742 798 808 847 849 857 860 866 905 988 993
17: 3 5 7 9 12 19 25 28 43 47 72 78 90 166 167 216 227 255 375 404 431 472 500 510 609 708 727 738 834 855
18: 0 6 9 11 12 41 46 51 54 56 62 65 93 98 100 102 110 114 166 175 200 205 236 258 303 324 335 337 416 420 556 574 605 639 702 736 771 819 873 938 977
19: 2 3 9 15 17 20 22 28 62 69 71 78 79 86 107 109 129 156 171 182 201 212 214 244 307 340 361 379 393 417 439 459 460 461 482 504 523 532 534 587 600 647 649 655 676 731 746 786 807 936 944 962 963
20: 0 3 9 16 19 27 81 105 108 143 189 198 274 302 318 373 403 425 466 557 566 583 612 667 684 690 692 694 754 779 889 923 946 993
21: 1 2 6 7 9 32 38 44 107 133 255 256 322 437 549 552 677 690 705 735 788 976
22: 1 5 10 16 19 25 34 45 46 54 67 70 86 108 115 119 197 199 242 297 315 343 368 377 384 385 396 412 447 538 603 635 646 704 734 747 750
23: 0 2 4 13 15 24 27 57 76 95 100 110 154 158 164 178 179 210 223 237 239 258 269 285 387 394 398 414 426 436 445 446 448 455 482 492 518 522 559 567 569 602 611 616 619 620 707 789 809 821 831 840 896 973
24: 1 10 12 13 23 26 35 54 60 61 80 187 256 413 501 547
25: 7 11 15 17 22 27 37 43 78 82 89 100 115 138 190 224 240 249 267 271 284 298 329 376 385 430 502 506 524 532 557 579 658 665 691 826 831 892 980
26: 1 4 8 16 24 58 59 83 86 89 112 127 129 132 135 140 154 163 174 192 237 240 267 287 302 334 344 390 432 473 586 598 650 657 674 702 810 858 913 916
27: 1 9 20 23 25 29 51 58 136 139 149 151 176 194 198 229 235 260 262 280 290 315 371 407 434 436 437 455 456 538 579 713 714 779 894 928
28: 11 12 13 17 19 31 37 41 42 52 54 55 64 67 116 155 180 245 258 260 266 277 314 335 395 454 457 523 553 569 588 663 700 795 889 990
29: 3 5 12 13 27 33 77 94 125 133 136 142 155 162 184 197 221 227 235 243 355 393 456 465 480 557 590 594 609 628 736 772 832 884 885 925
30: 0 3 6 8 10 32 38 102 108 124 140 148 157 161 163 189 200 238 248 271 311 323 350 526 618 654 702 757 768 856 894
31: 0 6 7 8 28 68 97 104 128 185 186 188 272 315 328 380 415 496 611 717 770 844 882 901
32: 7 13 14 21 30 36 146 177 190 244 330 539 645
33: 6 9 10 15 29 34 39 45 46 60 75 84 101 102 107 128 134 135 142 143 159 217 230 269 292 306 394 397 417 485 487 493 527 613 718 747 760 781 866 900 906 922 961 998
34: 3 6 9 22 33 47 55 57 132 158 166 174 211 223 311 330 332 344 372 400 410 417 437 448 459 481 493 572 623 653 729 777 789 865 910 914 942 948
35: 5 9 10 15 24 37 49 99 109 124 125 137 220 263 345 468 473 501 525 569 587 709 719 772 777 837 909 974 990
36: 3 6 15 16 32 55 81 85 92 193 199 233 245 277 293 313 370 379 446 453 467 502 603 623 713 891 904 969
37: 7 8 25 28 35 39 44 45 50 53 56 71 75 85 89 98 116 117 134 165 198 273 324 392 419 433 581 650 675 778 824 870 906 940 943
38: 6 7 10 21 30 41 47 49 61 71 82 161 176 182 183 186 195 260 317 322 342 346 394 405 496 498 566 591 596 642 681 727 740 762 805 826 841 864 893 972
39: 1 6 8 33 37 43 48 90 105 107 108 120 128 178 180 238 293 304 308 317 321 334 381 500 543 545 594 766 830 843 868 888 890 899 914 928 973
40: 3 4 13 15 16 55 66 68 99 106 340 357 366 464 511 562 717 741 967 973 994
41: 4 11 18 28 38 42 50 64 72 73 111 114 120 143 224 261 267 275 341 367 387 469 509 565 570 625 645 686 739 816 892 931 935 959
42: 11 12 15 28 41 118 152 234 266 271 374 674 689 808 878 902 904
43: 0 15 17 25 39 62 116 178 232 360 428 520 577 706 752
44: 6 8 15 21 37 100 103 105 132 187 247 250 260 347 414 422 589 605 703 725 738 743 799 814 989 991 997 998
45: 1 12 22 33 37 70 75 88 113 145 180 187 216 376 425 439 449 491 729 948
46: 8 13 18 22 33 73 114 159 221 236 250 252 272 295 359 379 423 426 435 554 635 791
47: 3 13 17 34 38 59 80 93 105 133 137 170 185 213 225 243 254 264 291 359 399 413 480 519 569 658 696 718 743 757 770 796 802 869 875 888 926 931 933
48: 3 4 6 16 39 97 101 132 134 148 170 189 294 296 300 314 450 493 507 670 694 750 860
49: 3 7 8 35 38 52 60 88 94 259 261 269 306 308 377 433 475 515 533 561 578 696 986
50: 6 9 12 37 41 59 125 228 248 361 370 508 573 625 643 646 831 853
51: 0 6 8 18 27 54 60 77 82 96 134 140 156 166 181 183 196 247 249 250 276 281 293 349 357 483 534 535 543 561 588 634 663 685 717 721 796 895 950
52: 3 8 11 28 49 53 101 136 164 179 197 201 231 260 275 465 479 585 656 693 781 810 811
53: 3 5 8 37 52 192 210 443 543 573 601 635 801
54: 18 22 24 28 51 76 81 92 202 251 283 402 432 433 515 618 649 676 763 867 965
55: 1 28 34 36 40 74 82 156 200 235 471 560 769 901
56: 3 7 9 18 37 65 69 85 87 97 107 111 112 119 157 161 192 196 205 207 215 227 257 275 339 343 353 383 389 432 435 455 529 575 577 581 619 620 628 646 722 915 934
57: 9 10 15 23 34 67 112 128 192 229 248 292 338 353 362 683 768
58: 3 10 13 26 27 64 71 79 90 120 121 130 131 141 159 188 207 213 248 270 301 340 364 371 406 450 485 525 548 550 641 670 700 735 803 842 926 936 937 950 978
59: 7 11 26 47 50 62 73 78 87 89 91 99 145 244 319 524 527 553 587 778 846 913 947 991
60: 9 24 33 49 51 64 98 114 183 253 255 286 362 418 463 520 542 544 554 567 582 652 729 818 854
61: 0 6 8 24 38 63 68 75 154 220 222 224 238 270 391 400 416 441 449 509 545 603 716 775 776 823 929 956
62: 0 18 19 43 59 100 108 177 199 212 244 265 266 319 388 423 426 496 499 559 614 629 635 761
63: 1 11 13 16 61 94 146 205 230 442 474 489 517 627 669
64: 6 28 41 58 60 67 74 117 136 169 319 368 369 464 471 479 612 629 634 644 694 698 721 732 809 810 881 898 971 972 983 993
65: 1 3 9 18 56 83 116 138 275 486 495 617 718 754 787 820 857
66: 0 6 7 13 40 91 93 110 167 186 239 369 446 541 799 815 852 874 964 980
67: 9 22 28 57 64 79 106 109 155 236 440 557 607
68: 7 11 31 40 61 72 73 85 91 196 289 334 354 382 951 963
69: 1 2 9 19 56 138 272 582
70: 4 14 15 22 45 87 123 145 159 264 270 303 365 380 389 518 580 584 668 696 889 923 939 950 957
71: 13 19 37 38 58 167 177 183 185 211 212 219 250 287 295 339 415 420 425 444 487 568 664 725 748 791 832 891 968 994
72: 0 7 17 41 68 74 103 125 135 144 146 160 241 280 366 492 505 520 606 722 745 799 913
73: 7 41 46 59 68 115 135 252 264 277 302 323 338 350 363 401 462 466 516 611
74: 6 15 55 64 72 117 190 223 241 299 384 561 687 744 794 813 817 981
75: 10 33 37 45 61 82 126 173 184 191 240 294 312 366 368 397 509 515 520 637 683 692 703 842 869 933 941
76: 4 6 15 23 54 77 88 94 125 194 204 231 290 332 380 465 527 551 581 590 659 672 760 777 869 882 917 957
77: 3 13 29 51 76 111 139 167 191 257 271 281 305 409 469 516 545 700 762 839
78: 2 17 19 25 59 93 206 299 304 656 862 882
79: 9 11 19 58 67 149 198 225 368 490 510 521 682 730
80: 7 11 16 24 47 81 104 105 106 123 143 144 169 175 185 247 251 288 293 353 402 463 528 642 928 976
81: 9 20 36 54 80 95 137 261 445 526 622 710 745
82: 25 38 51 55 75 99 123 150 153 189 265 306 346 353 375 382 403 488 549 591 655 672 801 881
83: 0 6 10 26 65 84 218 295 392 528 530 572 778 892 934
84: 1 9 13 33 83 92 148 165 311 333 402 507 528 680 688 848 968
85: 16 36 37 56 68 104 129 130 158 169 193 226 252 281 300 314 431 462 497 500 547 585 668 770 909
86: 6 13 19 22 26 109 120 127 131 133 138 187 224 296 362 372 518 577 724 804 849 902 992
87: 0 4 56 59 70 104 110 206 227 228 236 249 349 536 591 638 775 994
88: 0 13 45 49 76 121 134 179 263 291 310 377 436 558 653 816 828 867 883
89: 13 25 26 37 59 252 671 851
90: 4 15 17 39 58 92 122 171 176 282 286 330 347 507 622
91: 6 13 59 66 68 213 492 515 588 613 640 705 726 734 758 799 801 822 837 969 974
92: 4 36 54 84 90 103 136 162 211 369 407 413 489 531 838 845 879 927
93: 0 18 47 66 78 338 505
94: 1 29 49 63 76 118 141 219 317 418 498 577 709 744 877 895
95: 0 13 15 23 81 209 214 226 276 336 542 546 813 864 872
96: 6 8 9 16 51 109 121 138 144 168 209 222 254 343 383 447 487 536 552 709 912
97: 7 9 31 48 56 194 282 290 305 327 330 386 555 604 837 868 963
98: 8 16 18 37 60 176 213 399 507 562 780 801 854 878 977
99: 12 35 40 59 82 118 177 230 268 320 326 411 508 521 881
100: 18 23 25 44 62 102 121 126 182 194 228 333 369 429 905 945 988 998
101: 0 7 33 48 52 115 130 144 245 395 703 891
102: 2 18 30 33 100 288 589 605 614 754 803 850 864 879 947
103: 3 6 44 72 92 323 424 491 722 919 923
104: 9 31 80 85 87 122 195 233 680 730 853
105: 20 39 44 47 80 123 139 289 400 437 722 771 864 914
106: 11 13 40 67 80 150 246 419 594 678 687 800 836 975
107: 19 21 33 39 56 110 139 160 258 345 388 421 543 578 733 742 816 892
108: 20 22 30 39 62 160 163 183 215 221 224 316 318 398 474 476 479 531 570 771 809
109: 19 35 67 86 96 145 226 256 312 341 361 451 633 748 960
110: 18 23 66 87 107 113 170 175 193 229 237 269 297 336 337 343 494 638 652 860 930
111: 7 13 41 56 77 114 153 199 215 220 259 279 283 333 372 564 726 798 872 874 876 896 910 987
112: 6 15 26 56 57 122 188 190 201 202 235 358 382 383 436 540 586 642 659 699
113: 4 6 13 45 110 165 271 438 513 530 653 671
114: 18 41 46 60 111 129 583 617 889 988
115: 6 22 25 73 101 126 222 457 481 525 825 871 988
116: 3 28 37 43 65 119 237 251 326 344 380 408 536 544 843 924
117: 9 12 37 64 74 119 140 172 193 212 266 386 475 584 610 797 912 920
118: 7 12 42 94 99 277 407 432 583 719 851 859
119: 12 22 56 116 117 124 181 185 256 262 298 423 430 531 662 804 836 950 966 979
120: 0 39 41 58 86 127 143 149 153 168 259 291 354 425 431 444 457 476 491 499 503 642 685 716 762 785 852 936 952 998
121: 0 58 88 96 100 131 297 406 464 551 639 711 774 820 976
122: 2 6 90 104 112 178 237 251 377 390 439 511 692 967
123: 11 70 80 82 105 243 286 309 342 348 353 426 533 550 633 657 672
124: 9 10 30 35 119 133 374 707 738
125: 29 35 50 72 76 137 146 203 210 254 420 734
126: 6 12 75 100 115 223 268 272
127: 1 16 26 86 120 159 162 172 198 232 256 383 442 465 542 552 818
128: 1 31 33 39 57 200 223 287 297 319 396 444 511 935 992
129: 7 19 26 85 114 172 195 197 253 495 661 712 768 979
130: 1 10 58 85 101 165 209 329 426 551 625 881 989
131: 12 15 58 86 121 155 195 242 298 445 462 545 575 689 713 812 954 956 986
132: 3 26 34 44 48 232 356 580 764 963
133: 21 29 47 86 124 157 242 685 704
134: 33 37 48 51 88 137 151 158 230 370 495 588 687 704 705 783
135: 13 26 33 72 73 303 975
136: 27 29 52 64 92 153 621 648 965
137: 35 47 81 125 134 303 432 659 670 735 954
138: 25 65 69 86 96 146 420 638 663 666 815 987
139: 14 27 77 105 107 168 222 263 375 397 424 427 535 675
140: 12 26 30 51 117 178 199 290 313 332 347 451 471 635 953 974
141: 0 5 13 58 94 284 324 360 529 793 833 972
142: 3 10 13 29 33 157 161 187 225 265 287 289 339 356 364 371 428 452 542 559 710 802 834 861 879 915 925 971 985 989
143: 20 33 41 80 120 154 175 259 302 746
144: 12 72 80 96 101 175 234 333 427 596 614 630 944 967
145: 1 45 59 70 109 776
146: 32 63 72 125 138 148 151 385 593 619 861 937 995
147: 1 3 8 12 13 193 230 254 281 535 591
148: 6 30 48 84 146 203 298 414 419 591 669 676 752 767 789 875 961
149: 0 9 27 79 120 578 758
150: 2 5 13 82 106 324 405 409 412 424 460 593 740 747 753 935
151: 12 13 27 134 146 341 350 498 697 790
152: 3 4 12 15 42 257 263 329 341 352 385 441 614 629 633 793 828 946
153: 1 82 111 120 136 331 521 821 940
154: 12 23 26 61 143 261 351 443 483 502 504 573 778 888
155: 11 28 29 67 131 163 179 267 304 319 387 392 472 494 848
156: 11 16 19 51 55 287 320 381 531 847 924
157: 1 30 56 133 142 231 349 514 669 808 871 981
158: 9 23 34 85 134 202 540 573 716 974
159: 33 46 58 70 127 191 254 310 430 615 789
160: 3 6 72 107 108 164 180 241 372 482 577 609 675 682 728
161: 13 30 38 56 142 244 246 253 270 284 291 315 366 380 450 466 489 556 706 714 814 819
162: 3 10 29 92 127 231 335 342 451 477
163: 15 26 30 108 155 281
164: 11 13 23 52 160 211 313 316 919 970 983 985
165: 3 37 84 113 130 208 239 367 636 645 820 897 932 985
166: 9 17 18 34 51 280 409 412 640 825
167: 3 17 66 71 77 188 242 322 355 364 373 461 513 524 828
168: 2 8 96 120 139 201 295 310 734 768 795 839 840 925
169: 7 9 64 80 85 184 408 439 812 856 942
170: 5 15 47 48 110 184 216 276 278 352 360 488 582 599 607 628 752 803 827 911
171: 1 7 13 19 90 204 363 369 390
172: 9 15 117 127 129 299 354 475 486 532 579 823 839
173: 7 9 10 15 75 174 240 292 340 362 386 424 612 691 789 793 794
174: 13 15 26 34 173 725
175: 18 80 110 143 144 202 304 477 478 602 661 805 842 896
176: 1 27 38 90 98 218 219 229 238 245 302 357 394 407 466 468 478 485 508 539 602 637 695 765 776 891
177: 5 32 62 71 99 282 288 295 317 488 500 571 674 748 783
178: 23 39 43 122 140 194 239 248 512 576 858
179: 15 23 52 88 155 278 373 445 723
180: 0 28 39 45 160 203 333 512 769
181: 0 3 9 51 119 463 496 514 574 683 825 948
182: 9 15 19 38 100 208 305 320 417 519 599 624 673 859 868
183: 38 51 60 71 108 207 274 350 564 833
184: 16 29 75 169 170 218 225 399 406 447 493 517 533
185: 31 47 71 80 119 292 850
186: 6 14 31 38 66 215 306 307 342 345 349 602 654 686 739 753 944
187: 24 44 45 86 142 211 222 257 296 363 476 541
188: 5 31 58 112 167 203 262 296 378 430 526 616 876
189: 16 20 30 48 82 253 423 559 608 771
190: 6 25 32 74 112 234 330 460 657 855
191: 3 15 75 77 159 269 278 491 517 715 952
192: 15 26 53 56 57 255 473 512 565 715 852 907
193: 36 85 110 117 147 300 474 509 568 641 695 708 788 790 883 903 938
194: 27 76 97 100 178 216 218 459 590 819 828 875
195: 13 38 104 129 131 215 327 397 482 851 941 957
196: 0 9 51 56 68 427 450 490 514 632 756 816 824 848 873 939 949 962
197: 0 22 29 52 129 278 470 521 581 610 737 907
198: 20 27 37 79 127 535 651 984
199: 22 36 62 111 140 210 374 450 539 555 621 727 730 995
200: 15 18 30 55 128 204 270 328 346 444 452 475 478 486 494 720 775 829 872
201: 12 19 52 112 168 274 359 390 506 623 698 857
202: 3 54 112 158 175 452 538 708 977
203: 10 125 148 180 188 285 365 367 374 765
204: 6 13 76 171 200 375 510 537 691 966
205: 1 7 18 56 63 217 338 552 686 779 880
206: 4 6 14 78 87 225 243 282 401 523 537 674
207: 6 10 56 58 183
208: 6 7 8 165 182 265 505 663 825
209: 6 11 95 96 130 300 336 395 660 784 901 980
210: 9 23 53 125 199 257 268 391 469 502 596 781
211: 34 71 92 164 187 410 458 470 906 963
212: 6 19 62 71 117 264 460 551 644 716 859
213: 13 47 58 91 98 241 398 561 562 566 574 723 819 993
214: 7 10 15 19 95 229 654 659 876
215: 56 108 111 186 195 306 699
216: 12 17 45 170 194 226
217: 0 5 7 33 205
218: 4 83 176 184 194 243 681 757
219: 9 15 71 94 176
220: 7 8 35 61 111 238 329 414 460 864
221: 1 10 29 46 108 267 520 585 612 827 911 991
222: 61 96 115 139 187
223: 23 34 74 126 128 381 421 453 502 585 954 986
224: 25 41 61 86 108 316 505 636 727
225: 47 79 142 184 206 386 392 815
226: 14 85 95 109 216 240 285 315 348 389 396 404 631 749 751 761 955
227: 4 17 29 56 87 478 536 563 586 606 723 932
228: 13 15 50 87 100 266 326 949
229: 27 57 110 176 214 378
230: 33 63 99 134 147 246 303 399 446 479 629 747 767 875 908 921
231: 6 52 76 157 162 252 427 547 665 739 798
232: 3 15 43 127 132 245 386 405 546 575 992
233: 2 13 16 36 104 246 336 348 456 499 570 756 925 938 987
234: 6 15 42 144 190 249 361 396 455 468 555 569 706 887 943
235: 8 27 29 55 112
236: 6 18 46 67 87 259 323 603 633 849 884 901 916
237: 23 26 110 116 122 283 343 418 453 599
238: 30 39 61 176 220 697
239: 13 23 66 165 178 337 367 401 465 466 504 595 649 743 762
240: 25 26 75 173 226 309 339 360 370 480 727 875
241: 6 72 74 160 213 774 813 826
242: 7 22 131 133 167 760
243: 29 47 123 206 218 298 595 787 807 868 900
244: 19 32 59 62 161 288 391 476 601 698 818 906
245: 28 36 101 176 232 318 607 616 884
246: 3 106 161 230 233 247 307 318 470 578 639 671 709 718 733 999
247: 1 44 51 80 246 285 326 445 475 525 606 722
248: 30 50 57 58 178 519 644
249: 7 25 51 87 234 275 276 448 610 797
250: 11 44 46 51 71 325 418 488 912
251: 8 54 80 116 122 322 331 544 835 847
252: 46 73 85 89 231 458 470 600 698 774 905
253: 1 60 129 161 189 382 490
254: 47 96 125 147 159 473 524 806 991
255: 8 17 21 60 192 419 453 492 710 715 994
256: 21 24 109 119 127 351 356 376 535
257: 56 77 152 187 210 258 357 434 503 633
258: 18 23 28 107 257 410 442 695 956
259: 49 111 120 143 236 296 387 403 454 567 784 927 945
260: 27 28 38 44 52 640
261: 8 41 49 81 154 273 410 600 645 854
262: 6 16 27 119 188 292 459 703 749 823
263: 5 35 88 139 152 324 365 782
264: 1 47 70 73 212 272 279 288 467 477 498 548 592 621 667 678 869 924 949 984 999
265: 12 62 82 142 208 476 500 504 536 542 575 794 885
266: 28 42 62 117 228 284 321 325 336 594 631 884 910
267: 25 26 41 155 221 373 858 976
268: 0 9 99 126 210 658 705
269: 23 33 49 110 191 327 516 958
270: 58 61 70 161 200 277 290 582 597 608 679 728 913 929
271: 25 30 42 77 113 294 595 660 676 735 785
272: 31 46 69 126 264 279 462 483 750 765 788 812
273: 3 7 15 37 261 312 425 533 547 550 553 643 837 941 945 996
274: 9 13 20 183 201 276 481 568 793
275: 41 52 56 65 249 278 335 497 516 540 549 838 853
276: 51 95 170 249 274 325 448 485 690
277: 28 36 73 118 270 493 572 728 822 823 857
278: 170 179 191 197 275 537
279: 9 16 111 264 272 423 519 624 651 662
280: 5 8 27 72 166 463 597 692 768 772
281: 51 77 85 147 163 393
282: 7 90 97 177 206 430 441 592
283: 0 3 54 111 237 784 862
284: 5 25 141 161 266 436 639
285: 14 23 203 226 247 625
286: 4 9 60 90 123 313 371 376 595 680 721 855 903 947 982 996
287: 26 71 128 142 156 299 398 970
288: 80 102 177 244 264 356 454 552 564 844 877 983
289: 5 13 68 105 142 373 409 429 451 632 656
290: 27 76 97 140 270 359 401 598 634 900
291: 7 47 88 120 161 387 995
292: 33 57 173 185 262 364 601 704 804
293: 5 36 39 51 80 549 719 943
294: 15 16 48 75 271
295: 46 71 83 168 177 331 403 473 613 902
296: 48 86 187 188 259 428 538 951
297: 11 22 110 121 128 307 345 379 651 688 759 773 961
298: 25 119 131 148 243 370 464 649 668 896 977
299: 7 74 78 172 287 307 607 776 907
300: 4 48 85 193 209 679 985
301: 8 13 15 16 58 779 917
302: 20 26 73 143 176 384 505 587 951
303: 18 70 135 137 230 334 361 365 711 749 902
304: 13 39 78 155 175 422 489 624 702 713 791 797 912
305: 4 7 77 97 182 368 443 507 720 883
306: 33 49 82 186 215 961
307: 19 186 246 297 299 665
308: 6 13 16 39 49 464 527
309: 0 7 16 123 240 351 371 416 664 898
310: 9 15 88 159 168 562
311: 2 15 30 34 84 392 533
312: 6 10 75 109 273 320 381 389 422 545 560 653 740 934
313: 12 36 140 164 286 680 684 716 764 772 920 953
314: 3 10 28 48 85 667 686 930
315: 22 27 31 161 226 415 538 664 835
316: 6 14 108 164 224 610 684 966
317: 0 38 39 94 177 377 440
318: 0 20 108 245 246 358 563 589 626 786 894
319: 59 62 64 128 155 335 927
320: 10 99 156 182 312 461 534 548 604 730 785 880
321: 3 6 15 39 266 620 637 899 946 964
322: 6 21 38 167 251 705
323: 9 30 73 103 236 402 404 960
324: 18 37 141 150 263 580
325: 0 1 250 266 276 351 398 887
326: 4 99 116 228 247 896
327: 9 13 97 195 269 337 593 841
328: 8 9 15 31 200 385 422 454 472 494 563 759
329: 15 25 130 152 220 431 764 893
330: 32 34 90 97 190
331: 3 16 153 251 295
332: 3 14 34 76 140 384 490 782 888
333: 84 100 111 144 180 359 877
334: 5 26 39 68 303
335: 18 28 162 275 319 922
336: 95 110 209 233 266 372 537 596 646 886 964
337: 7 18 110 239 327 547
338: 8 57 73 93 205 618 664
339: 2 56 71 142 240 357 469 593
340: 1 19 40 58 173 400 405 414 483 513 867
341: 8 41 109 151 152 845
342: 7 38 123 162 186 528 630 944
343: 22 56 96 110 237 376 858
344: 3 8 26 34 116 378 484 580 636 818 863 982
345: 3 35 107 186 297 411 440 497 576 876
346: 0 12 38 82 200 921
347: 7 16 44 90 140 352 484 650 699 984
348: 3 7 123 226 233 468
349: 14 51 87 157 186 429 449 700
350: 12 30 73 151 183 408
351: 12 154 256 309 325
352: 6 9 152 170 347 596
353: 56 57 80 82 123 375 477 555 723 742 957
354: 6 13 68 120 172 583
355: 1 4 10 29 167 682
356: 16 132 142 256 288 411
357: 40 51 176 257 339 527
358: 3 6 8 112 318 487 673 683
359: 46 47 201 290 333 409 556 579 622 920
360: 10 43 141 170 240 512 515 668 714 829 832
361: 19 50 109 234 303 378 480 562 641 715 759 981
362: 8 57 60 86 173 397 571 681 682 732 739 767 773 931
363: 6 16 73 171 187 711
364: 15 58 142 167 292 388 568 725
365: 8 70 203 263 303
366: 12 40 72 75 161 442 539 557 712 714 932
367: 9 41 165 203 239 555 745 799 876 908 958
368: 22 64 75 79 305 407 517
369: 64 66 92 100 171 441 688
370: 36 50 134 240 298 431 503 518 744 753 795 953
371: 27 58 142 286 309 572 575 590 755
372: 34 86 111 160 336 558 886 904 939
373: 20 167 179 267 289 887 937
374: 0 42 124 199 203 406 503 759
375: 17 82 139 204 353 412 433 617
376: 25 45 256 286 343 442 447 880 943
377: 22 49 88 122 317 391 452 534 564 631 993
378: 8 188 229 344 361 435 711 763 792
379: 8 19 36 46 297 435 666 737 835 940
380: 31 70 76 116 161 571 666 734 818
381: 7 39 156 223 312 730
382: 6 68 82 112 253 462 559 606 647 850 865 871 965
383: 3 56 96 112 127 401 681
384: 15 22 74 302 332 488 495 806
385: 22 25 146 152 328 438
386: 97 117 173 225 232 532 644 728 785
387: 23 41 155 259 291 485 740 764 798
388: 6 13 62 107 364 710
389: 13 56 70 226 312 427 513 721
390: 16 26 122 171 201 457 721 878 898
391: 3 61 210 244 377
392: 37 83 155 225 311 613 720 793 932
393: 3 12 19 29 281 405 862 970
394: 6 23 33 38 176 529 813
395: 8 9 28 101 209 548 551
396: 6 22 128 226 234 689 929 953
397: 33 75 139 195 362
398: 23 108 213 287 325 626 766
399: 14 47 98 184 230 492 523 568 611 792 873 916 952
400: 0 34 61 105 340 499 926 941
401: 73 206 239 290 383 513
402: 8 54 80 84 323
403: 8 20 82 259 295 440
404: 1 6 17 226 323 508 529
405: 38 150 232 340 393 496 623 700 725 844 890
406: 7 58 121 184 374
407: 27 92 118 176 368 760
408: 9 12 116 169 350 846
409: 77 150 166 289 359 434 474 541 583 602 631 733 808 827 888 999
410: 8 34 211 258 261 471 900
411: 1 9 99 345 356 726
412: 3 22 150 166 375 420 468 634 642 937
413: 5 8 24 47 92
414: 23 44 148 220 340 866 868
415: 3 10 31 71 315
416: 0 6 18 61 309 584 678 909 973
417: 8 19 33 34 182 770 791
418: 3 60 94 237 250 443 976
419: 15 37 106 148 255 429 558 696 885
420: 18 71 125 138 412 975
421: 3 7 16 107 223 560 707 853
422: 6 44 304 312 328 461 486 586 603
423: 46 62 119 189 279 491 687 724
424: 9 103 139 150 173 501 726
425: 20 45 71 120 273 486 490 792 833
426: 23 46 62 123 130 467 563 781 917
427: 139 144 196 231 389
428: 0 12 43 142 296 920
429: 6 100 289 349 419 831
430: 25 119 159 188 282 643 782 867
431: 17 85 120 329 370 514 532 724 751 863
432: 26 54 56 118 137 714
433: 7 37 49 54 375 448 498 528 546 669 790 821 966 997
434: 1 11 27 257 409 455 615 737 738 922 981
435: 5 46 56 378 379 886
436: 23 27 88 112 284 616 690 891 916
437: 0 21 27 34 105
438: 1 8 12 113 385 487 567 767
439: 6 19 45 122 169 870 965
440: 6 67 317 345 403 447 458 901
441: 8 61 152 282 369 833
442: 63 127 258 366 376 855
443: 0 53 154 305 418 471 693
444: 4 71 120 128 200 807
445: 23 81 131 179 247 481
446: 9 23 36 66 230 477 959
447: 22 96 184 376 440 690
448: 23 34 249 276 433 825
449: 10 12 45 61 349 758
450: 48 58 161 196 199 589 865
451: 15 109 140 162 289 605 611
452: 10 142 200 202 377 763
453: 3 36 223 237 255 548 773 796
454: 14 28 259 288 328 592 643 657 816 854 914
455: 23 27 56 234 434 550 662 882
456: 3 16 27 29 233 598 834 853
457: 16 28 115 120 390
458: 8 15 211 252 440
459: 9 19 34 194 262 590 645 679 770
460: 19 150 190 212 220 472 731 827
461: 14 19 167 320 422 677 870 997
462: 73 85 131 272 382 467
463: 12 60 80 181 280
464: 40 64 121 298 308 678 874 938
465: 29 52 76 127 239
466: 20 73 161 176 239 990
467: 1 36 264 426 462 518 553
468: 35 176 234 348 412 877
469: 13 41 77 210 339 762 945
470: 13 197 211 246 252 665 669 936
471: 55 64 140 410 443 510 641 699 847
472: 7 17 155 328 460 693
473: 26 35 192 254 295
474: 12 63 108 193 409 786
475: 49 117 172 200 247 489 746
476: 108 120 187 244 265
477: 162 175 264 353 446
478: 6 175 176 200 227
479: 10 52 64 108 230 514 660
480: 0 29 47 240 361 565 566 589
481: 7 34 115 274 445 805
482: 8 19 23 160 195 662 786
483: 3 51 154 272 340 806 925
484: 0 1 9 344 347 522 541 701
485: 33 58 176 276 387 597
486: 65 172 200 422 425
487: 33 71 96 358 438 746
488: 82 170 177 250 384 604 664
489: 63 92 161 304 475 641
490: 79 196 253 332 425 769
491: 45 103 120 191 423
492: 23 72 91 255 399 620
493: 33 34 48 184 277 587
494: 10 110 155 200 328 732 918
495: 0 65 129 134 384
496: 31 38 62 181 405 499 530 736 930
497: 3 6 85 275 345 742 761
498: 38 94 151 264 433 812 927
499: 62 120 233 400 496 530 634 675 804 829 873
500: 17 39 85 177 265 628 674 942
501: 12 15 24 35 424
502: 25 36 154 210 223 586 699 710 829
503: 9 120 257 370 374 615 971
504: 8 19 154 239 265 512 831
505: 72 93 208 224 302 741 769
506: 13 15 16 25 201
507: 48 84 90 98 305 656 862
508: 10 50 99 176 404
509: 13 41 61 75 193 541 986
510: 8 17 79 204 471 571 576 655
511: 1 13 40 122 128 652 686
512: 178 180 192 360 504 955
513: 113 167 340 389 401 822
514: 157 181 196 431 479 861 959
515: 49 54 75 91 360 663 996
516: 3 73 77 269 275 522 737 751 812 898
517: 0 63 184 191 368 576 883 933
518: 23 70 86 370 467 797 848
519: 0 47 182 248 279 556 657 697 790 856
520: 43 60 72 75 221 670 878
521: 10 79 99 153 197
522: 0 10 23 484 516 632 775
523: 9 19 28 206 399 648 981
524: 10 25 59 167 254 565 571 688 792
525: 16 35 58 115 247 952
526: 3 9 30 81 188
527: 33 59 76 308 357 560 736 865
528: 80 83 84 342 433 565 995
529: 13 56 141 394 404
530: 7 83 113 496 499
531: 12 92 108 119 156 644
532: 19 25 172 386 431 755
533: 49 123 184 273 311 933
534: 12 19 51 320 377 599 672
535: 51 139 147 198 256 828 939
536: 87 96 116 227 265 743 846
537: 1 204 206 278 336 573 794 973
538: 22 27 202 296 315 617 643 900
539: 2 32 176 199 366 677
540: 1 8 112 158 275 911
541: 66 187 409 484 509 546 761
542: 60 95 127 142 265 824
543: 1 39 51 53 107 648 861
544: 11 16 60 116 251 640
545: 39 61 77 131 312 658 944
546: 10 95 232 433 541 592 743
547: 24 85 231 273 337 566 890
548: 58 264 320 395 453 579 874 907
549: 15 21 82 275 293
550: 9 58 123 273 455 622 852
551: 76 121 130 212 395
552: 21 96 127 205 288 841
553: 7 28 59 273 467 841 863
554: 6 12 15 46 60 731
555: 97 199 234 353 367 556 691 707 881
556: 18 161 359 519 555 871
557: 20 25 29 67 366 759 928 938
558: 6 15 88 372 419 671 753
559: 23 62 142 189 382 671 755
560: 16 55 312 421 527 581
561: 5 49 51 74 213 582 744 796 817
562: 40 98 213 310 361 918
563: 12 227 318 328 426 715
564: 6 111 183 288 377 598
565: 41 192 480 524 528 950
566: 20 38 213 480 547 612 701
567: 5 23 60 259 438
568: 71 193 274 364 399 570 744 919
569: 23 28 35 47 234 678
570: 1 41 108 233 568 661 712 728 878 893 903 980
571: 177 362 380 510 524 593 639 811
572: 15 34 83 277 371 751
573: 50 53 154 158 537 597
574: 1 11 18 181 213 622 992
575: 56 131 232 265 371 626 852
576: 3 178 345 510 517 910
577: 43 56 86 94 160 860
578: 3 49 107 149 246 601 755
579: 25 27 172 359 548 697 773
580: 0 70 132 324 344
581: 37 56 76 197 560
582: 60 69 170 270 561
583: 20 114 118 354 409 636
584: 3 12 70 117 416 915
585: 9 52 85 221 223 915 968
586: 26 112 227 422 502
587: 19 35 59 302 493 594 659 795 941
588: 15 28 51 91 134 899 918
589: 44 102 318 450 480 604 808
590: 29 76 194 371 459 732 761 784 830 887
591: 38 82 87 147 148 651 766 958
592: 6 264 282 454 546
593: 146 150 327 339 571 884 929
594: 29 39 106 266 587 624
595: 1 239 243 271 286 621 814 817 955
596: 38 144 210 336 352 760
597: 11 270 280 485 573 765 838 883 921 982
598: 8 26 290 456 564
599: 5 170 182 237 534
600: 6 11 19 252 261 836
601: 10 53 244 292 578 873
602: 23 175 176 186 409 839
603: 22 36 61 236 422 667 832
604: 3 97 320 488 589 940 995
605: 9 18 44 102 451 709 958 978
606: 6 72 227 247 382
607: 1 67 170 245 299 650 848
608: 7 8 12 189 270 687 746 914 928 983
609: 2 14 17 29 160 712 833
610: 4 117 197 249 316 720 750 874 980
611: 23 31 73 399 451
612: 20 64 173 221 566
613: 13 33 91 295 392 689 791
614: 12 62 102 144 152
615: 6 11 159 434 503
616: 0 23 188 245 436 619 756 971
617: 13 65 114 375 538 682 910
618: 4 16 30 54 338 623 911
619: 3 23 56 146 616 757
620: 6 23 56 321 492 631
621: 11 136 199 264 595 632 735 992
622: 81 90 359 550 574 923
623: 34 36 201 405 618
624: 8 182 279 304 594 738
625: 14 41 50 130 285 837
626: 6 12 318 398 575 662 673
627: 3 7 8 9 63 717 821
628: 6 29 56 170 500
629: 16 62 64 152 230 921
630: 3 4 9 144 342 915 926
631: 226 266 377 409 620 651 691 829
632: 7 196 289 522 621 665 872
633: 109 123 152 236 257
634: 51 64 290 412 499 845 854
635: 22 46 53 62 140 820
636: 3 165 224 344 583 752 880
637: 6 10 75 176 321 660
638: 6 15 87 110 138
639: 18 121 246 284 571
640: 6 91 166 260 544 741 805 930
641: 58 193 361 471 489
642: 38 80 112 120 412 655 693 887
643: 50 273 430 454 538 897
644: 64 212 248 386 531
645: 32 41 165 261 459
646: 15 22 50 56 336 684 962
647: 1 7 15 19 382
648: 3 10 136 523 543
649: 16 19 54 239 298 880
650: 4 26 37 347 607
651: 198 279 297 591 631
652: 8 13 60 110 511
653: 3 34 88 113 312 752
654: 0 14 30 186 214 967
655: 16 19 82 510 642 701 863
656: 6 52 78 289 507 661
657: 26 123 190 454 519 894
658: 2 25 47 268 545 733 847 850 882 964 996
659: 76 112 137 214 587 767 843
660: 3 209 271 479 637
661: 10 129 175 570 656 765
662: 119 279 455 482 626
663: 28 51 138 208 515 836
664: 71 309 315 338 488
665: 25 231 307 470 632 826 933 998
666: 4 15 138 379 380 755 763
667: 12 20 264 314 603
668: 0 70 85 298 360
669: 63 148 157 433 470
670: 0 48 58 137 520 835
671: 89 113 246 558 559 679 877
672: 15 76 82 123 534 872
673: 0 3 182 358 626 677 788
674: 26 42 177 206 500 683
675: 13 37 139 160 499 692
676: 15 19 54 148 271
677: 6 21 461 539 673
678: 106 264 416 464 569 830 834
679: 3 270 300 459 671
680: 9 84 104 286 313 719 797 907 969
681: 11 38 218 362 383 802
682: 79 160 355 362 617 814 849
683: 57 75 181 358 674
684: 3 20 313 316 646 773
685: 0 3 51 120 133
686: 41 186 205 314 511 693 729 893
687: 74 106 134 423 608 832
688: 6 84 297 369 524 689
689: 42 131 396 613 688 756 840
690: 20 21 276 436 447 787
691: 25 173 204 555 631 784 792 899
692: 20 75 122 280 675
693: 52 443 472 642 686 845
694: 3 6 20 48 64 706 780 786 809 968
695: 7 15 176 193 258
696: 3 47 49 70 419
697: 15 151 238 519 579
698: 0 64 201 244 252
699: 112 215 347 471 502
700: 28 58 77 349 405
701: 3 14 484 566 655 748 940
702: 10 18 26 30 304
703: 12 44 75 101 262 866
704: 13 22 133 134 292 783
705: 21 91 134 268 322 724
706: 3 43 161 234 694 956 987
707: 10 23 124 421 555 723 860 989
708: 1 3 17 193 202 916
709: 35 94 96 246 605 788 830 931
710: 81 142 255 388 502 922
711: 9 121 303 363 378 885
712: 8 129 366 570 609 775 810 851
713: 15 27 36 131 304
714: 27 161 360 366 432 718 787
715: 191 192 255 361 563
716: 61 120 158 212 313 909
717: 1 31 40 51 627 935
718: 33 47 65 246 714
719: 0 35 118 293 680 890
720: 5 200 305 392 610 796 839
721: 51 64 286 389 390 772
722: 56 72 103 105 247
723: 179 213 227 353 707 946
724: 9 86 423 431 705
725: 44 71 174 364 405
726: 0 91 111 411 424
727: 17 38 199 224 240
728: 160 270 277 386 570 742
729: 13 34 45 60 686 926
730: 79 104 199 320 381
731: 3 12 19 460 554 811
732: 6 64 362 494 590 971
733: 6 107 246 409 658 986
734: 22 91 125 168 380
735: 21 58 137 271 621
736: 2 18 29 496 527
737: 7 197 379 434 516 863
738: 17 44 124 434 624
739: 13 41 186 231 362 783
740: 7 38 150 312 387 817
741: 7 10 40 505 640
742: 16 107 353 497 728
743: 44 47 239 536 546
744: 74 94 370 561 568
745: 1 6 72 81 367
746: 19 143 475 487 608
747: 14 22 33 150 230 800 840 893 930
748: 1 71 109 177 701 886
749: 10 12 226 262 303 778 970 972
750: 15 22 48 272 610 967
751: 3 226 431 516 572 961
752: 43 148 170 636 653
753: 7 150 186 370 558
754: 0 8 20 65 102
755: 371 532 559 578 666 774 811 935
756: 11 196 233 616 689 824
757: 7 30 47 218 619 897
758: 1 7 91 149 449
759: 297 328 361 374 557
760: 33 76 242 407 596 856
761: 62 226 497 541 590
762: 38 77 120 239 469
763: 8 54 378 452 666 994
764: 1 132 313 329 387
765: 176 203 272 597 661
766: 3 10 39 398 591
767: 148 230 362 438 659 802
768: 30 57 129 168 280
769: 15 55 180 490 505 795 923
770: 31 47 85 417 459
771: 7 18 105 108 189 870 918
772: 29 35 280 313 721
773: 297 362 453 579 684 949
774: 8 121 241 252 755
775: 61 87 200 522 712 903 978
776: 14 61 145 176 299
777: 0 9 34 35 76 898
778: 37 59 83 154 749 929 983
779: 11 20 27 205 301 809
780: 6 7 15 98 694
781: 6 33 52 210 426
782: 3 13 263 332 430
783: 3 134 177 704 739 817
784: 209 259 283 590 691 892 947
785: 1 120 271 320 386 943
786: 19 318 474 482 694
787: 1 65 243 690 714
788: 21 193 272 673 709
789: 23 34 148 159 173 889
790: 15 151 193 433 519
791: 46 71 304 417 613
792: 378 399 425 524 691 937
793: 141 152 173 274 392
794: 7 74 173 265 537
795: 28 168 370 587 769 932
796: 47 51 453 561 720
797: 117 249 304 518 680
798: 14 16 111 231 387 972 979
799: 44 66 72 91 367
800: 0 3 4 106 747
801: 7 53 82 91 98 859
802: 12 47 142 681 767
803: 0 9 58 102 170
804: 3 86 119 292 499
805: 15 38 175 481 640 895
806: 10 13 254 384 483
807: 4 10 19 243 444 824
808: 16 42 157 409 589 955
809: 23 64 108 694 779 951
810: 15 26 52 64 712
811: 14 52 571 731 755
812: 131 169 272 498 516
813: 9 74 95 241 394
814: 10 44 161 595 682 856
815: 0 15 66 138 225
816: 41 88 107 196 454
817: 74 561 595 740 783
818: 60 127 244 344 380
819: 11 18 161 194 213
820: 8 65 121 165 635
821: 1 23 153 433 627 978
822: 6 9 91 277 513 911 912
823: 6 61 172 262 277
824: 37 196 542 756 807
825: 115 166 181 208 448
826: 10 25 38 241 665
827: 1 170 221 409 460
828: 88 152 167 194 535 838
829: 200 360 499 502 631
830: 4 39 590 678 709 905
831: 23 25 50 429 504
832: 29 71 360 603 687
833: 141 183 425 441 609 842
834: 15 17 142 456 678
835: 10 251 315 379 670 999
836: 8 106 119 600 663 948
837: 35 91 97 273 625
838: 12 92 275 597 828
839: 77 168 172 602 720
840: 6 23 168 689 747
841: 7 38 327 552 553
842: 9 58 75 175 833
843: 3 13 39 116 659 865
844: 5 8 31 288 405
845: 10 92 341 634 693
846: 0 1 59 408 536 917 978
847: 16 156 251 471 658
848: 84 155 196 518 607 862
849: 6 16 86 236 682
850: 6 102 185 382 658 956 990
851: 7 89 118 195 712
852: 66 120 192 550 575
853: 50 104 275 421 456 899
854: 60 98 261 454 634
855: 5 17 190 286 442
856: 30 169 519 760 814
857: 9 16 65 201 277
858: 13 26 178 267 343
859: 4 118 182 212 801
860: 16 48 110 577 707
861: 12 142 146 514 543 996
862: 78 283 393 507 848
863: 344 431 553 655 737
864: 38 95 102 105 220
865: 34 382 450 527 843
866: 6 16 33 414 703
867: 11 54 88 340 430 906
868: 39 97 182 243 414
869: 8 47 75 76 264 885
870: 15 37 439 461 771
871: 0 115 157 382 556
872: 95 111 200 632 672
873: 18 196 399 499 601
874: 66 111 464 548 610 962
875: 47 148 194 230 240
876: 111 188 214 345 367
877: 94 288 333 468 671 919
878: 42 98 390 520 570
879: 3 15 92 102 142 955
880: 205 320 376 636 649
881: 64 82 99 130 555
882: 31 76 78 455 658
883: 88 193 305 517 597
884: 29 236 245 266 593 894 945
885: 29 265 419 711 869
886: 11 336 372 435 748
887: 234 325 373 590 642
888: 39 47 154 332 409
889: 20 28 70 114 789
890: 4 39 405 547 719 969
891: 36 71 101 176 436
892: 25 41 83 107 784
893: 38 329 570 686 747
894: 27 30 318 657 884
895: 8 13 51 94 805 959
896: 23 111 175 298 326 921 951
897: 9 11 165 643 757
898: 64 309 390 516 777
899: 39 321 588 691 853
900: 33 243 290 410 538 990
901: 31 55 209 236 440 965
902: 0 42 86 295 303 934
903: 6 193 286 570 775
904: 7 9 36 42 372
905: 5 16 100 252 830
906: 33 37 211 244 867 984
907: 192 197 299 548 680
908: 0 3 7 230 367
909: 13 35 85 416 716
910: 34 111 266 576 617
911: 170 221 540 618 822
912: 96 117 250 304 822 964
913: 5 26 59 72 270
914: 34 39 105 454 608
915: 56 142 584 585 630
916: 26 236 399 436 708 985
917: 6 76 301 426 846
918: 3 494 562 588 771 947
919: 9 103 164 568 877
920: 3 117 313 359 428
921: 230 346 597 629 896 982
922: 3 33 335 434 710
923: 20 70 103 622 769
924: 7 10 116 156 264
925: 29 142 168 233 483
926: 47 58 400 630 729
927: 4 92 259 319 498
928: 27 39 80 557 608
929: 61 270 396 593 778
930: 110 314 496 640 747 979
931: 0 41 47 362 709
932: 165 227 366 392 795 936
933: 47 75 517 533 665
934: 4 56 83 312 902
935: 41 128 150 717 755
936: 19 58 120 470 932
937: 58 146 373 412 792
938: 18 193 233 464 557
939: 3 70 196 372 535
940: 37 153 379 604 701
941: 75 195 273 400 587 953
942: 4 11 34 169 500
943: 37 234 293 376 785
944: 19 144 186 342 545
945: 100 259 273 469 884
946: 5 20 152 321 723
947: 59 102 286 784 918
948: 12 34 45 181 836
949: 12 196 228 264 773
950: 51 58 70 119 565
951: 68 296 302 809 896
952: 13 120 191 399 525
953: 140 313 370 396 941
954: 7 11 131 137 223
955: 226 512 595 808 879
956: 61 131 258 706 850
957: 4 70 76 195 353
958: 15 269 367 591 605
959: 14 41 446 514 895
960: 1 3 7 109 323
961: 33 148 297 306 751
962: 3 19 196 646 874
963: 19 68 97 132 211
964: 66 321 336 658 912
965: 54 136 382 439 901
966: 6 119 204 316 433
967: 40 122 144 654 750
968: 8 71 84 585 694
969: 1 36 91 680 890
970: 5 164 287 393 749
971: 64 142 503 616 732
972: 38 64 141 749 798
973: 23 39 40 416 537 988
974: 1 35 91 140 158
975: 6 11 106 135 420
976: 21 80 121 267 418
977: 8 18 98 202 298
978: 58 605 775 821 846
979: 1 119 129 798 930
980: 25 66 209 570 610
981: 74 157 361 434 523
982: 3 286 344 597 921
983: 64 164 288 608 778
984: 13 198 264 347 906
985: 142 164 165 300 916
986: 49 131 223 509 733
987: 15 111 138 233 706
988: 16 100 114 115 973
989: 7 44 130 142 707
990: 28 35 466 850 900
991: 9 44 59 221 254
992: 86 128 232 574 621
993: 16 20 64 213 377
994: 40 71 87 255 763 997
995: 146 199 291 528 604
996: 273 286 515 658 861
997: 8 44 433 461 994
998: 33 44 100 120 665
999: 4 246 264 409 835
