0: 1 2 3 4 5 7 9 10 11 12 13 14 16 18 19 21 22 25 32 36 37 38 39 55 70 76 83 95 97 113 117 119 122 125 126 132 142 143 165 166 171 185 190 192 193 197 199 204 208 211 215 219 222 253 257 261 277 278 283 304 305 315 325 333 340 367 409 422 426 439 440 466 477 494 495 498 500 502 517 539 554 563 565 585 603 606 640 652 653 670 673 696 720 733 736 741 751 810 830 834 835 842 909 927 983
1: 0 3 6 14 22 23 29 62 87 105 116 141 145 161 168 181 190 220 242 262 266 298 328 336 364 405 407 425 551 585 587 605 609 617 636 654 744 755 758 850 851 862 866 881 929 973 991
2: 0 4 6 7 12 18 35 45 47 50 63 79 93 130 141 159 195 237 241 248 491 541 553 620 867 890
3: 0 1 5 11 24 37 40 43 59 71 75 94 103 105 157 159 177 187 207 225 277 308 322 341 350 403 435 452 460 479 514 548 549 558 598 629 664 684 736 770 791 814 836 904
4: 0 2 8 9 13 15 17 20 26 38 44 57 65 72 83 85 90 92 99 120 126 174 220 228 233 238 282 288 319 320 322 323 326 343 378 477 514 530 550 591 606 643 770 777 783 877 879 884 885 887 934 964
5: 0 3 8 17 29 30 36 40 41 46 48 69 86 102 113 118 129 163 174 176 182 237 327 366 369 435 450 478 483 503 560 700 747 768 785 839
6: 1 2 15 31 32 33 64 73 98 134 152 162 235 261 267 285 397 423 455 485 545 548 643 868 910
7: 0 2 10 92 441
8: 4 5 49 91 455 506 523 528 806 855
9: 0 4 27 39 57 153 200 272 307 363 419 464 472 582 605 727 967
10: 0 7 23 26 28 50 56 127 137 191 267 309 321 503 537 572 589 764 801
11: 0 3 34 46 52 54 66 131 176 302 362 391 393 490 509 623 755 875
12: 0 2 16 19 20 28 30 41 52 54 74 78 85 93 95 104 106 110 125 147 151 156 172 210 223 228 229 280 294 302 354 389 396 426 444 512 570 590 597 641 644 685 688 725 733 754 848 881 883 928 970 997
13: 0 4 24 128 582 772 960
14: 0 1 60 82 183 203 214 265 317 354 359 428 443 496 510 569 640 750 757 775
15: 4 6 67 100 108 110 217 262 269 270 294 312 319 325 356 431 436 546 570 648 672 690 896 932 950
16: 0 12 53 91 306 396 476 664 710 754
17: 4 5 34 102 139 180 218 251 260 347 457 645 777 792 982 997
18: 0 2 117 189 224 312 377 399 404 498 558 828 869 926 985
19: 0 12 21 31 35 51 61 65 80 81 89 139 140 155 203 268 286 328 371 401 473 526 543 656 776 782 818 900 974
20: 4 12 56 84 103 181 243 247 264 345 348 397 568 613 616 636 761 766 771 891 913 915
21: 0 19 25 53 62 153 790 817 949
22: 0 1 76 149 223 248 468 470 784 940 972
23: 1 10 75 78 194 225 227 259 607 693 711 820
24: 3 13 55 88 179 809 816 901
25: 0 21 114 136 214 236 314 346 390 407 454 538 547 599 608 631 649 690 697 772 866 908 971
26: 4 10 27 59 60 94 98 135 186 327 408 444 586 598 624 782 880 902 976
27: 9 26 45 251 318 332 430 921
28: 10 12 43 68 133 247 272 344 364 380 505 534 543 593 680 683 766 797 813 852 854 949 956 971 978
29: 1 5 42 82 107 134 169 204 234 240 349 366 370 385 457 478 492 580 624 759 844
30: 5 12 48 51 64 77 79 80 81 115 145 154 167 173 249 250 320 384 447 525 532 578 596 764 856 933
31: 6 19 127 137 148 226 233 263 286 289 292 368 838 948 967
32: 0 6 33 49 275 299 431
33: 6 32 249 675 738
34: 11 17 42 44 124 183 212 263 283 293 300 318 384 398 483 488 621 629
35: 2 19 101 121 128 186 195 357 592
36: 0 5 58 146 250 252 278 683
37: 0 3 90 306 615 647
38: 0 4 99 168 273 406 823 973
39: 0 9 106 240 308 324 609 718 750 846 862 893 922
40: 3 5 122 133 185 244 254 420 614 644 719 779 905
41: 5 12 73 246 618 763
42: 29 34 47 889
43: 3 28 58 77 97 109 144 465 663 666 689 711 864 889
44: 4 34 799
45: 2 27
46: 5 11 71 87 166 177 296 417 666
47: 2 42 74 162 196 276 487 501 578 647 804
48: 5 30 108 130 184 276 281 311 387 891 946
49: 8 32 184 433 472 637
50: 2 10 121 135 224 351 451 575 642 676 918 941
51: 19 30 67 70 84 111 118 142 169 172 175 180 243 244 245 412 418 737 793 869 903 944 975 987
52: 11 12 96 626
53: 16 21 112 178 284 804 923
54: 11 12 138 403 456 525 794 864 995
55: 0 24 350 486 568 886
56: 10 20 188 724 760
57: 4 9 61 100 178 191 207 215 216 227 382 473 593 604 678 917 943 948
58: 36 43 275 484 719 810 812
59: 3 26 705 773 801
60: 14 26 89 112 157 160 287 387 583 831 911
61: 19 57 86 380 685 768 805
62: 1 21 63 219 345 429 459 625
63: 2 62 132 217 231 406 905
64: 6 30 66 68 129 175 230 254 268 314 392 535 899 930 941
65: 4 19 196 970
66: 11 64 72 171 591 661
67: 15 51 69 188 200 202 253 291 352 428 566 655
68: 28 64 123 713 739 896
69: 5 67 158 245 274 497 649 686 729 925
70: 0 51 954
71: 3 46 88 531 757
72: 4 66 340 383 513 665
73: 6 41 229 453 836
74: 12 47
75: 3 23 123 198 716
76: 0 22 119 124 147 377 439 521 845
77: 30 43 107 198 282 481
78: 12 23 337 427 433
79: 2 30 626
80: 19 30
81: 19 30 213 614 916
82: 14 29 146
83: 0 4 96 101 115 260 730
84: 20 51 109 155 167 201 234 238 297 373 698
85: 4 12 164 241
86: 5 61 156 323 388 497 693
87: 1 46 467 524 658 850
88: 24 71 799
89: 19 60
90: 4 37 116
91: 8 16 418 791
92: 4 7 131 338 445 544 562
93: 2 12
94: 3 26 411 489 495 556 602 658 919
95: 0 12 199 343
96: 52 83 520 767 912
97: 0 43 150 179 209 315 562 612 619 621 977
98: 6 26 160 358 638 786
99: 4 38 138 158 216 221 305 554 560 661 724 841
100: 15 57
101: 35 83
102: 5 17 104 197 202 208 242 290 331 353 359 361 725 937 942
103: 3 20 687 830 863
104: 12 102 140 313 671 870
105: 1 3 111 120 285
106: 12 39 173 266 298 443 592
107: 29 77 436
108: 15 48
109: 43 84 515 610 620
110: 12 15 114 154 271 310 394 414 536 652
111: 51 105 205 424
112: 53 60 672 860 969
113: 0 5 679
114: 25 110 270 370 402 507 642
115: 30 83 759
116: 1 90 149 205 209 236 581 887
117: 0 18 255 321 334 342 382 391 400 547 611 727
118: 5 51 654
119: 0 76 304 329 622 648 684
120: 4 105 463 508 533 706
121: 35 50 488 504 890 907 947
122: 0 40 668
123: 68 75 150 258
124: 34 76 151 161 239 385 460 461 696
125: 0 12 674 703 987
126: 0 4 189 295 356 429 556 706 815
127: 10 31 252 341 564 583 954
128: 13 35 144 152 303 346 376 437 448 622 745 838
129: 5 64 143 362
130: 2 48 765 786
131: 11 92 192 269 279 484 819
132: 0 63 170 206 630 734 744 956 957
133: 28 40 301 381 421 424
134: 6 29 632
135: 26 50 136 316 326 442 456 698 730
136: 25 135 536 988
137: 10 31
138: 54 99 165 289 313 334 355 468 537 753 895
139: 17 19 466
140: 19 104 148
141: 1 2 880 906
142: 0 51
143: 0 129 231 438 965
144: 43 128
145: 1 30 213 347 416 474 521 601 694
146: 36 82 163 337 557
147: 12 76 164 212 310 517 756 827 840 867
148: 31 140 194 232 317 373 589 722 985
149: 22 116 414
150: 97 123 218 566
151: 12 124 924
152: 6 128 395 453
153: 9 21 170 349 516 665
154: 30 110 501
155: 19 84 273 360 616 634 662 809 909
156: 12 86
157: 3 60 448 493
158: 69 99 628 962
159: 2 3 182 206 264 274 292 540 793
160: 60 98
161: 1 124
162: 6 47 311 383 712 840 853
163: 5 146 201 394 780
164: 85 147 607
165: 0 138 386 440 691 831 929
166: 0 46 235 239 780 808
167: 30 84 232 627
168: 1 38 530
169: 29 51 595
170: 132 153 451 574 837
171: 0 66 395 704 855
172: 12 51 462 502
173: 30 106 187 193 379 410 695
174: 4 5
175: 51 64 271 807
176: 5 11 446
177: 3 46 752
178: 53 57 226
179: 24 97 358 371 635 731 739 761 800 975
180: 17 51 210 353 469 555 842
181: 1 20 482 507 527 659
182: 5 159 291 806
183: 14 34 351 409
184: 48 49 594
185: 0 40
186: 26 35 348
187: 3 173 284 735
188: 56 67 300 415
189: 18 126 246 408
190: 0 1
191: 10 57 258 650 921 953
192: 0 131
193: 0 173
194: 23 148 329 400 788
195: 2 35 333 449
196: 47 65
197: 0 102 256 668
198: 75 77 858
199: 0 95 402 651
200: 9 67 729
201: 84 163 342
202: 67 102 221 230 339 671
203: 14 19 423 496 699 787 888
204: 0 29
205: 111 116 211 677 900
206: 132 159
207: 3 57 296 588 659
208: 0 102
209: 97 116 571
210: 12 180 256 559 797 878
211: 0 205 458 567
212: 34 147 259 611 849
213: 81 145 656
214: 14 25 222 288 442
215: 0 57 255 386 631 745 802
216: 57 99
217: 15 63 602 775
218: 17 150
219: 0 62 344 518 808
220: 1 4 715
221: 99 202 531
222: 0 214 293 714 740 998
223: 12 22 415 630 917 986
224: 18 50 316 504 563
225: 3 23 579
226: 31 178 297
227: 23 57 542 601
228: 4 12 372 509 545 599 639 677 779 989
229: 12 73
230: 64 202
231: 63 143
232: 148 167
233: 4 31 324 594 723
234: 29 84 557 774
235: 6 166 309 401 405 427 577 617 713
236: 25 116 378 826
237: 2 5 510
238: 4 84 299 600
239: 124 166 704 726
240: 29 39 279 330 335 463 480 516 540 595 660 716 749 752 944 979
241: 2 85
242: 1 102
243: 20 51 295
244: 40 51
245: 51 69 412 416 539 653 942 961
246: 41 189 372
247: 20 28 628
248: 2 22 367
249: 30 33 330 332 413 612 798
250: 30 36 257 361 993
251: 17 27
252: 36 127 490
253: 0 67 365 438 651 863 926
254: 40 64 303 388 613 645 957
255: 117 215 265 290 301
256: 197 210 411 500 796 816 861 931
257: 0 250
258: 123 191 639 960
259: 23 212
260: 17 83 610
261: 0 6 390 482
262: 1 15 581 663
263: 31 34 633
264: 20 159 632 895 955
265: 14 255 588 903
266: 1 106 432
267: 6 10
268: 19 64
269: 15 131
270: 15 114
271: 110 175 281 721
272: 9 28 287
273: 38 155 307
274: 69 159 363 857 876
275: 32 58 935
276: 47 48 420 936
277: 0 3 280 336 452 694 823
278: 0 36 746
279: 131 240
280: 12 277
281: 48 271 369
282: 4 77 506 655
283: 0 34 360 379 441
284: 53 187
285: 6 105 398 572 667 994
286: 19 31 546 699
287: 60 272 357 657 800 818 870 885 892 993
288: 4 214 576
289: 31 138 335 538
290: 102 255
291: 67 182 822
292: 31 159 374
293: 34 222
294: 12 15 375
295: 126 243
296: 46 207 445 476 519 771
297: 84 226 851
298: 1 106 417 920
299: 32 238
300: 34 188 481 522
301: 133 255 618
302: 11 12 986
303: 128 254 374 908
304: 0 119 575
305: 0 99 897
306: 16 37 331
307: 9 273 586 959
308: 3 39
309: 10 235
310: 110 147 368 533
311: 48 162 833 933
312: 15 18
313: 104 138 432
314: 25 64
315: 0 97 365
316: 135 224 728 795 847
317: 14 148 569
318: 27 34 338 352
319: 4 15 475 701
320: 4 30
321: 10 117 679 976
322: 3 4 707
323: 4 86 859
324: 39 233 450 513 561 708
325: 0 15 393 709 965
326: 4 135
327: 5 26 512 789
328: 1 19 339 544 625 634 678
329: 119 194 404 802 963
330: 240 249 419 718
331: 102 306 499 657 874
332: 27 249
333: 0 195
334: 117 138
335: 240 289 670 778
336: 1 277 972 991
337: 78 146 399
338: 92 318 376 604 721
339: 202 328 709 913
340: 0 72
341: 3 127
342: 117 201 434 619
343: 4 95 950
344: 28 219 966
345: 20 62 748
346: 25 128 470
347: 17 145
348: 20 186 623 825 865
349: 29 153 515 571 815
350: 3 55 520
351: 50 183 355 731
352: 67 318
353: 102 180 627 638 773
354: 12 14 430 553
355: 138 351 753
356: 15 126 480 994
357: 35 287 762 776
358: 98 179 392
359: 14 102 832
360: 155 283 381 471
361: 102 250 828
362: 11 129 577
363: 9 274 459 584 669
364: 1 28 511 871
365: 253 315 549
366: 5 29
367: 0 248
368: 31 310 422
369: 5 281
370: 29 114 375 413 479 524 682 747 826
371: 19 179 467 487 692
372: 228 246 871
373: 84 148 485 740 923
374: 292 303
375: 294 370 389 505
376: 128 338 573 769
377: 18 76
378: 4 236 494 781
379: 173 283 641 700
380: 28 61
381: 133 360 437 680 883
382: 57 117
383: 72 162 978
384: 30 34 579
385: 29 124 410 756
386: 165 215 565 795 874
387: 48 60 447 615 743
388: 86 254 767
389: 12 375 829
390: 25 261 819
391: 11 117 573 798 943
392: 64 358 508 603
393: 11 325 980
394: 110 163 737
395: 152 171
396: 12 16 454 559
397: 6 20 425 486 876 879 906 992
398: 34 285 421
399: 18 337 996
400: 117 194 682 854
401: 19 235
402: 114 199
403: 3 54
404: 18 329
405: 1 235 697
406: 38 63 469 532 919 931 938
407: 1 25 822
408: 26 189 561 813
409: 0 183
410: 173 385 824 899
411: 94 256 511
412: 51 245
413: 249 370
414: 110 149 471 837
415: 188 223 527
416: 145 245
417: 46 298 794
418: 51 91
419: 9 330
420: 40 276 474 681
421: 133 398 732
422: 0 368 951
423: 6 203
424: 111 133 462
425: 1 397
426: 0 12
427: 78 235 434 708 781
428: 14 67
429: 62 126 446
430: 27 354
431: 15 32 707 726 922
432: 266 313 526
433: 49 78 535 969
434: 342 427 449 528 646
435: 3 5
436: 15 107 465
437: 128 381 875
438: 143 253 555 860
439: 0 76
440: 0 165 522
441: 7 283
442: 135 214 608
443: 14 106 552
444: 12 26 461 835
445: 92 296 688
446: 176 429
447: 30 387
448: 128 157
449: 195 434
450: 5 324 597
451: 50 170 529
452: 3 277 873
453: 73 152 458 769
454: 25 396 489 499 519 529 702 932
455: 6 8 567
456: 54 135 493 541 746
457: 17 29 843
458: 211 453 984
459: 62 363 464 882
460: 3 124 492 758
461: 124 444
462: 172 424 633
463: 120 240 728
464: 9 459 940
465: 43 436
466: 0 139
467: 87 371
468: 22 138
469: 180 406
470: 22 346 551
471: 360 414 475 689
472: 9 49
473: 19 57
474: 145 420
475: 319 471 853
476: 16 296 722
477: 0 4
478: 5 29
479: 3 370 574
480: 240 356 576
481: 77 300 637
482: 181 261 735
483: 5 34 687
484: 58 131
485: 6 373
486: 55 397 763
487: 47 371
488: 34 121
489: 94 454 491 518 587 914 959
490: 11 252 741
491: 2 489
492: 29 460 865
493: 157 456
494: 0 378 803 878
495: 0 94
496: 14 203 939
497: 69 86
498: 0 18
499: 331 454 681
500: 0 256
501: 47 154
502: 0 172 783 845 856
503: 5 10 523
504: 121 224
505: 28 375 534 580 859 898 952
506: 8 282 550 961 992
507: 114 181 552
508: 120 392
509: 11 228 886
510: 14 237 542 792
511: 364 411
512: 12 327
513: 72 324
514: 3 4
515: 109 349
516: 153 240
517: 0 147
518: 219 489
519: 296 454
520: 96 350 712 805 939
521: 76 145 796
522: 300 440
523: 8 503 749 935
524: 87 370
525: 30 54 778
526: 19 432 852
527: 181 415
528: 8 434
529: 451 454
530: 4 168 914
531: 71 221
532: 30 406
533: 120 310
534: 28 505 584
535: 64 433 928
536: 110 136
537: 10 138 742
538: 25 289
539: 0 245
540: 159 240
541: 2 456 787
542: 227 510 999
543: 19 28
544: 92 328 789
545: 6 228 635
546: 15 286
547: 25 117 590
548: 3 6
549: 3 365
550: 4 506
551: 1 470 667
552: 443 507 714 963
553: 2 354 686
554: 0 99 660
555: 180 438
556: 94 126
557: 146 234 564
558: 3 18 676
559: 210 396
560: 5 99
561: 324 408
562: 92 97
563: 0 224
564: 127 557
565: 0 386 596
566: 67 150
567: 211 455
568: 20 55
569: 14 317 650
570: 12 15
571: 209 349 760 762 834
572: 10 285
573: 376 391 858
574: 170 479
575: 50 304
576: 288 480
577: 235 362
578: 30 47
579: 225 384
580: 29 505
581: 116 262
582: 9 13 824
583: 60 127 702 803
584: 363 534
585: 0 1
586: 26 307 646
587: 1 489
588: 207 265 600 717
589: 10 148 958
590: 12 547
591: 4 66 723
592: 35 106
593: 28 57
594: 184 233
595: 169 240
596: 30 565 675 968
597: 12 450 662 857
598: 3 26 902 910
599: 25 228
600: 238 588
601: 145 227
602: 94 217
603: 0 392
604: 57 338
605: 1 9
606: 0 4
607: 23 164
608: 25 442
609: 1 39 817
610: 109 260 720
611: 117 212 674
612: 97 249
613: 20 254
614: 40 81
615: 37 387 785
616: 20 155
617: 1 235
618: 41 301
619: 97 342
620: 2 109 774
621: 34 97
622: 119 128
623: 11 348
624: 26 29
625: 62 328
626: 52 79 979
627: 167 353 832
628: 158 247
629: 3 34 848
630: 132 223
631: 25 215 732
632: 134 264 673
633: 263 462 743
634: 155 328
635: 179 545
636: 1 20
637: 49 481
638: 98 353
639: 228 258 904
640: 0 14 669
641: 12 379
642: 50 114 945
643: 4 6
644: 12 40
645: 17 254 811 981
646: 434 586
647: 37 47 717
648: 15 119 968
649: 25 69 784 807 821 952
650: 191 569
651: 199 253
652: 0 110
653: 0 245 692
654: 1 118 977 995
655: 67 282
656: 19 213 811 897
657: 287 331
658: 87 94 988
659: 181 207
660: 240 554
661: 66 99
662: 155 597
663: 43 262
664: 3 16 710 998
665: 72 153
666: 43 46 893
667: 285 551
668: 122 197
669: 363 640
670: 0 335 892
671: 104 202
672: 15 112 691 705 748 833 847
673: 0 632 821
674: 125 611 849
675: 33 596
676: 50 558 844 920
677: 205 228 742
678: 57 328 738 938
679: 113 321
680: 28 381
681: 420 499 715 788
682: 370 400
683: 28 36
684: 3 119 765 812 947
685: 12 61
686: 69 553 701
687: 103 483
688: 12 445
689: 43 471
690: 15 25 695
691: 165 672 945
692: 371 653 814
693: 23 86 827
694: 145 277 829
695: 173 690
696: 0 124 846 861 980
697: 25 405 872
698: 84 135
699: 203 286 703 872
700: 5 379 925
701: 319 686
702: 454 583
703: 125 699
704: 171 239 888
705: 59 672 916
706: 120 126
707: 322 431
708: 324 427
709: 325 339 894
710: 16 664
711: 23 43
712: 162 520 898
713: 68 235
714: 222 552
715: 220 681
716: 75 240
717: 588 647
718: 39 330
719: 40 58
720: 0 610
721: 271 338 751
722: 148 476
723: 233 591
724: 56 99 982
725: 12 102
726: 239 431
727: 9 117
728: 316 463
729: 69 200 734
730: 83 135 884
731: 179 351
732: 421 631 912
733: 0 12 901
734: 132 729
735: 187 482
736: 0 3
737: 51 394
738: 33 678 877
739: 68 179
740: 222 373 989
741: 0 490
742: 537 677 790 966
743: 387 633
744: 1 132
745: 128 215 915
746: 278 456
747: 5 370
748: 345 672 984
749: 240 523 839
750: 14 39
751: 0 721 820 962
752: 177 240
753: 138 355 825
754: 12 16
755: 1 11
756: 147 385
757: 14 71
758: 1 460
759: 29 115
760: 56 571
761: 20 179
762: 357 571
763: 41 486
764: 10 30
765: 130 684
766: 20 28
767: 96 388
768: 5 61
769: 376 453
770: 3 4
771: 20 296
772: 13 25
773: 59 353
774: 234 620 843 918 955
775: 14 217
776: 19 357
777: 4 17
778: 335 525
779: 40 228
780: 163 166
781: 378 427
782: 19 26
783: 4 502
784: 22 649
785: 5 615
786: 98 130
787: 203 541
788: 194 681
789: 327 544 951
790: 21 742
791: 3 91
792: 17 510
793: 51 159 927 996
794: 54 417
795: 316 386
796: 256 521
797: 28 210
798: 249 391
799: 44 88 882
800: 179 287
801: 10 59
802: 215 329
803: 494 583 841
804: 47 53
805: 61 520
806: 8 182
807: 175 649 990
808: 166 219
809: 24 155 868
810: 0 58
811: 645 656
812: 58 684
813: 28 408
814: 3 692 907 990
815: 126 349
816: 24 256
817: 21 609
818: 19 287
819: 131 390
820: 23 751
821: 649 673
822: 291 407
823: 38 277
824: 410 582
825: 348 753
826: 236 370
827: 147 693
828: 18 361
829: 389 694
830: 0 103
831: 60 165
832: 359 627
833: 311 672
834: 0 571
835: 0 444
836: 3 73
837: 170 414
838: 31 128
839: 5 749
840: 147 162
841: 99 803
842: 0 180
843: 457 774
844: 29 676
845: 76 502 873
846: 39 696
847: 316 672 930
848: 12 629
849: 212 674
850: 1 87
851: 1 297
852: 28 526
853: 162 475
854: 28 400
855: 8 171
856: 30 502
857: 274 597
858: 198 573 937
859: 323 505
860: 112 438
861: 256 696
862: 1 39 894
863: 103 253
864: 43 54
865: 348 492 958
866: 1 25
867: 2 147
868: 6 809
869: 18 51
870: 104 287
871: 364 372
872: 697 699
873: 452 845
874: 331 386
875: 11 437
876: 274 397
877: 4 738
878: 210 494
879: 4 397
880: 26 141
881: 1 12
882: 459 799
883: 12 381
884: 4 730
885: 4 287
886: 55 509
887: 4 116
888: 203 704 936
889: 42 43
890: 2 121
891: 20 48
892: 287 670
893: 39 666
894: 709 862
895: 138 264
896: 15 68
897: 305 656
898: 505 712
899: 64 410
900: 19 205
901: 24 733
902: 26 598
903: 51 265 974
904: 3 639
905: 40 63
906: 141 397
907: 121 814
908: 25 303 911
909: 0 155
910: 6 598
911: 60 908
912: 96 732 924 934
913: 20 339
914: 489 530
915: 20 745
916: 81 705
917: 57 223 981
918: 50 774
919: 94 406
920: 298 676
921: 27 191
922: 39 431
923: 53 373
924: 151 912
925: 69 700
926: 18 253
927: 0 793
928: 12 535
929: 1 165
930: 64 847
931: 256 406 946
932: 15 454
933: 30 311
934: 4 912
935: 275 523
936: 276 888
937: 102 858
938: 406 678
939: 496 520
940: 22 464
941: 50 64
942: 102 245
943: 57 391
944: 51 240
945: 642 691
946: 48 931
947: 121 684
948: 31 57
949: 21 28
950: 15 343
951: 422 789 964
952: 505 649 953
953: 191 952 999
954: 70 127
955: 264 774
956: 28 132
957: 132 254
958: 589 865
959: 307 489
960: 13 258
961: 245 506
962: 158 751
963: 329 552
964: 4 951 983
965: 143 325
966: 344 742
967: 9 31
968: 596 648
969: 112 433
970: 12 65
971: 25 28
972: 22 336
973: 1 38
974: 19 903
975: 51 179
976: 26 321
977: 97 654
978: 28 383
979: 240 626
980: 393 696
981: 645 917
982: 17 724
983: 0 964
984: 458 748
985: 18 148
986: 223 302
987: 51 125
988: 136 658
989: 228 740
990: 807 814
991: 1 336
992: 397 506
993: 250 287
994: 285 356
995: 54 654
996: 399 793
997: 12 17
998: 222 664
999: 542 953
