0: 1 2 998 999
1: 0 2 3 999
2: 0 1 3 4 783
3: 1 2 4 5 338 657
4: 2 3 5 473
5: 3 4 6 7
6: 5 7 513
7: 5 6 8 9
8: 7 9 336 517
9: 7 8 10 11
10: 9 11 12
11: 9 10 12 13
12: 10 11 13 14 151
13: 11 12 14 15
14: 12 13 15 16
15: 13 14 16 17
16: 14 15 18 945
17: 15 19 607
18: 16 19 20
19: 17 18 20 21 408
20: 18 19 21 22
21: 19 20 22 23
22: 20 21 23 24
23: 21 22 24 25
24: 22 23 25 26 697
25: 23 24 26 27
26: 24 25 27 28
27: 25 26 28 29
28: 26 27 29 30
29: 27 28 30 581
30: 28 29 32 326
31: 32 33 778
32: 30 31 33 34
33: 31 32 34 35
34: 32 33 35 36
35: 33 34 36 37
36: 34 35 37 38
37: 35 36 38 39
38: 36 37 39 40
39: 37 38 40 41
40: 38 39 41 437
41: 39 40 42 43
42: 41 43 44
43: 41 42 44 45 387
44: 42 43 46 344
45: 43 46 47
46: 44 45 47 48
47: 45 46 48 49
48: 46 47 49 50 609 731
49: 47 48 50 51
50: 48 49 51 52
51: 49 50 52 53
52: 50 51 53 54
53: 51 52 54 55
54: 52 53 55 56
55: 53 54 56 57
56: 54 55 57 58
57: 55 56 58 59
58: 56 57 59 60
59: 57 58 60 61
60: 58 59 61 62 514 934
61: 59 60 62 63 526
62: 60 61 63 64
63: 61 62 64 65 337
64: 62 63 65 66
65: 63 64 66 67
66: 64 65 67 68
67: 65 66 68 69
68: 66 67 69 910
69: 67 68 70 71
70: 69 71 72
71: 69 70 72 73
72: 70 71 73 74
73: 71 72 74 75
74: 72 73 75 76
75: 73 74 76 77
76: 74 75 77 78
77: 75 76 78 79
78: 76 77 79 80
79: 77 78 80 81
80: 78 79 81 82
81: 79 80 82 83
82: 80 81 83 84
83: 81 82 84 85 145
84: 82 83 85 353
85: 83 84 87 907
86: 194 400
87: 85 88 89
88: 87 89 90
89: 87 88 90 91
90: 88 89 91 92
91: 89 90 92 93
92: 90 91 93 566
93: 91 92 94 95
94: 93 95 96
95: 93 94 96 97
96: 94 95 97 98
97: 95 96 98 99 464
98: 96 97 99 100
99: 97 98 100 816
100: 98 99 101 102
101: 100 102 814
102: 100 101 103 104
103: 102 104 105
104: 102 103 105 970
105: 103 104 106 107
106: 105 107 108
107: 105 106 108 109
108: 106 107 110 778
109: 107 110 111
110: 108 109 111 112
111: 109 110 112 113
112: 110 111 114 884
113: 111 114 115
114: 112 113 115 116 907
115: 113 114 116 117
116: 114 115 117 118
117: 115 116 118 119 821
118: 116 117 119 120
119: 117 118 121 741
120: 118 121 122
121: 119 120 122 123
122: 120 121 123 124
123: 121 122 124 125
124: 122 123 125 126
125: 123 124 126 127
126: 124 125 127 128
127: 125 126 128 811
128: 126 127 129 353
129: 128 130 965
130: 129 131 132
131: 130 132 133
132: 130 131 133 134
133: 131 132 134 354
134: 132 133 135 136
135: 134 136 137 507
136: 134 135 137 138
137: 135 136 138 139
138: 136 137 139 140
139: 137 138 140 141 775
140: 138 139 141 142
141: 139 140 142 143
142: 140 141 143 144
143: 141 142 144 145
144: 142 143 145 146 885
145: 83 143 144 146
146: 144 145 147 148
147: 146 148 149
148: 146 147 149 150
149: 147 148 150 151
150: 148 149 151 152
151: 12 149 150 152
152: 150 151 153 154
153: 152 154 155
154: 152 153 155 156
155: 153 154 156 157
156: 154 155 157 158
157: 155 156 158 159
158: 156 157 159 160
159: 157 158 160 161
160: 158 159 161 162
161: 159 160 162 163
162: 160 161 163 164
163: 161 162 164 165
164: 162 163 165 166
165: 163 164 166 167
166: 164 165 167 168
167: 165 166 168 169
168: 166 167 169 170
169: 167 168 170 171
170: 168 169 172 764
171: 169 172 173
172: 170 171 173 608
173: 171 172 174 175 910
174: 173 845 976
175: 173 176 177 887
176: 175 177 178
177: 175 176 179 953
178: 176 179 180
179: 177 178 181 705
180: 178 181 182
181: 179 180 182 183
182: 180 181 184 755
183: 181 184 185
184: 182 183 185 186
185: 183 184 186 187
186: 184 185 187 188
187: 185 186 188 189 226
188: 186 187 189 190
189: 187 188 190 191
190: 188 189 191 192
191: 189 190 193 299
192: 190 193 194
193: 191 192 194 195
194: 86 192 193 195 196
195: 193 194 196 197
196: 194 195 197 198 608
197: 195 196 198 199
198: 196 197 199 200
199: 197 198 200 201 318
200: 198 199 201 202
201: 199 200 202 203
202: 200 201 204 896
203: 201 204 205
204: 202 203 205 206
205: 203 204 206 207 275
206: 204 205 207 208
207: 205 206 208 734 892
208: 206 207 209 210
209: 208 211 613
210: 208 211 822
211: 209 210 212 213
212: 211 213 282
213: 211 212 214 215
214: 213 215 216
215: 213 214 216 217
216: 214 215 217 218
217: 215 216 218 219 623
218: 216 217 219 220
219: 217 218 220 221
220: 218 219 221 222
221: 219 220 222 223
222: 220 221 223 224
223: 221 222 224 225
224: 222 223 225 226
225: 223 224 226 227
226: 187 224 225 228
227: 225 228 229 882
228: 226 227 229 230 620
229: 227 228 230 231
230: 228 229 231 232
231: 229 230 232 233
232: 230 231 233 234
233: 231 232 235 604
234: 232 235 236
235: 233 234 236 237
236: 234 235 237 238 453
237: 235 236 238 239 936
238: 236 237 239 240
239: 237 238 240 241
240: 238 239 241 242
241: 239 240 242 243
242: 240 241 243 244
243: 241 242 244 245 569
244: 242 243 245 610
245: 243 244 246 247
246: 245 247 248
247: 245 246 248 249
248: 246 247 249 250
249: 247 248 250 251
250: 248 249 251 252
251: 249 250 252 253
252: 250 251 254 662
253: 251 254 255 951
254: 252 253 255 363
255: 253 254 256 257
256: 255 257 840
257: 255 256 258 259
258: 257 259 260
259: 257 258 260 985
260: 258 259 261 262
261: 260 262 263
262: 260 261 263 264
263: 261 262 264 265
264: 262 263 265 517
265: 263 264 267 288 435
266: 267 268
267: 265 266 268 269
268: 266 267 269 457 552 972
269: 267 268 270 271
270: 269 271 272
271: 269 270 272 273
272: 270 271 273 274
273: 271 272 274 275
274: 272 273 275 276
275: 205 273 274 276 903
276: 274 275 277 278
277: 276 278 279
278: 276 277 279 280
279: 277 278 280 281
280: 278 279 281 282
281: 279 280 282 283
282: 212 280 281 283 284
283: 281 282 284 285
284: 282 283 285 286
285: 283 284 287 986
286: 284 287 288
287: 285 286 288 657
288: 265 286 287 289 290
289: 288 290 291
290: 288 289 291 292
291: 289 290 292 293
292: 290 291 293 710
293: 291 292 294 295
294: 293 296 476
295: 293 296 297
296: 294 295 297 298
297: 295 296 298 299
298: 296 297 299 300
299: 191 297 298 300 301
300: 298 299 301 302 352
301: 299 300 302 303
302: 300 301 303 304
303: 301 302 304 305 580
304: 302 303 305 306
305: 303 304 306 307
306: 304 305 307 308
307: 305 306 308 309
308: 306 307 309 310
309: 307 308 310 311
310: 308 309 311 312
311: 309 310 312 313
312: 310 311 313 314
313: 311 312 315 950
314: 312 315 316 625
315: 313 314 316 317
316: 314 315 317 318
317: 315 316 318 319
318: 199 316 317 319
319: 317 318 320 321
320: 319 321 322 595 895
321: 319 320 322 323
322: 320 321 323 455
323: 321 322 324 325
324: 323 325 326
325: 323 324 326 327
326: 30 324 325 327 328 662
327: 325 326 329 906
328: 326 329 330
329: 327 328 330 331
330: 328 329 331 332 833
331: 329 330 332 333
332: 330 331 333 334
333: 331 332 334 335
334: 332 333 335 336
335: 333 334 337 859
336: 8 334 338 531
337: 63 335 339
338: 3 336 339 704
339: 337 338 340 341 614
340: 339 341 342 441
341: 339 340 342 343
342: 340 341 343 344
343: 341 342 344 430
344: 44 342 343 345 346
345: 344 346 912
346: 344 345 347 348
347: 346 348 349
348: 346 347 349 350
349: 347 348 350 351
350: 348 349 351 987
351: 349 350 352 353
352: 300 351 353
353: 84 128 351 352 354 355
354: 133 353 355 356
355: 353 354 356 357
356: 354 355 357 358
357: 355 356 358 359
358: 356 357 359 360
359: 357 358 360 361
360: 358 359 361 362
361: 359 360 362 363 592 774
362: 360 361 363 364
363: 254 361 362 364 365
364: 362 363 365 366
365: 363 364 366 367
366: 364 365 367 368
367: 365 366 368 369
368: 366 367 369 370
369: 367 368 370 371
370: 368 369 371 372
371: 369 370 372 373
372: 370 371 373 374
373: 371 372 374 375
374: 372 373 376 803
375: 373 376 377
376: 374 375 377 378
377: 375 376 378 379 760
378: 376 377 379 380
379: 377 378 380 381
380: 378 379 381 382
381: 379 380 382 383
382: 380 381 383 384
383: 381 382 384 439
384: 382 383 385 386
385: 384 386 685
386: 384 385 387 388 565
387: 43 386 388
388: 386 387 389 390
389: 388 390 391
390: 388 389 391 392
391: 389 390 392 393
392: 390 391 393 490
393: 391 392 394 395
394: 393 395 396
395: 393 394 396 397
396: 394 395 397 398
397: 395 396 398 399
398: 396 397 399 400
399: 397 398 400 401
400: 86 398 399 401 402
401: 399 400 402 403
402: 400 401 403 404
403: 401 402 404 405
404: 402 403 405 406 503
405: 403 404 406 407
406: 404 405 407 408
407: 405 406 408 409
408: 19 406 407 410
409: 407 410 411
410: 408 409 411 412
411: 409 410 413 588
412: 410 413 414
413: 411 412 414 415
414: 412 413 415 618
415: 413 414 416 417
416: 415 418 723
417: 415 418 419
418: 416 417 419 420 512 686 839
419: 417 418 420 421
420: 418 419 421 422
421: 419 420 422 423
422: 420 421 423 424 460
423: 421 422 424 425
424: 422 423 425 426
425: 423 424 426 427 852
426: 424 425 427 428
427: 425 426 428 429
428: 426 427 429 430
429: 427 428 431 733
430: 343 428 431 432
431: 429 430 432 433
432: 430 431 433 434
433: 431 432 434 435 536
434: 432 433 435 436
435: 265 433 434 972
436: 434 437 438
437: 40 436 438 870
438: 436 437 439 440
439: 383 438 441 914
440: 438 441 442
441: 340 439 440 443
442: 440 443 446 728
443: 441 442 444 445
444: 443 445 446
445: 443 444 446 447
446: 442 444 445 447 448
447: 445 446 448 449
448: 446 447 449 450
449: 447 448 450 784
450: 448 449 451 452
451: 450 452 453
452: 450 451 453 454
453: 236 451 452 455
454: 452 455 456
455: 322 453 454 456 457
456: 454 455 457 458 782
457: 268 455 456 458 459
458: 456 457 459 460
459: 457 458 460 461 901
460: 422 458 459 461
461: 459 460 462 463
462: 461 463 464
463: 461 462 464 465
464: 97 462 463 466 516
465: 463 466 467
466: 464 465 467 468
467: 465 466 468 469
468: 466 467 469 470
469: 467 468 470 471 665
470: 468 469 471 472
471: 469 470 472 473 952
472: 470 471 473 527
473: 4 471 472 474 475
474: 473 475 476
475: 473 474 476 477
476: 294 474 475 477 478
477: 475 476 478 479
478: 476 477 479 480
479: 477 478 480 481 921
480: 478 479 481 482
481: 479 480 483 499
482: 480 483 484
483: 481 482 484 485 842
484: 482 483 485 486
485: 483 484 486 487
486: 484 485 487 488
487: 485 486 488 489
488: 486 487 489 490
489: 487 488 490 491
490: 392 488 489 491 492 606
491: 489 490 492 493
492: 490 491 493 494
493: 491 492 494 495
494: 492 493 496 991
495: 493 496 497 529
496: 494 495 497 498
497: 495 496 498 499
498: 496 497 499 500
499: 481 497 498 500 692
500: 498 499 501 502
501: 500 502 503 799
502: 500 501 503 504
503: 404 501 502 504
504: 502 503 505 506
505: 504 506 507
506: 504 505 507 508
507: 135 505 506 508
508: 506 507 509 510
509: 508 510 511
510: 508 509 511 512
511: 509 510 512 513
512: 418 510 511 514
513: 6 511 514 515 654
514: 60 512 513 515
515: 513 514 516 517
516: 464 515 517
517: 8 264 515 516 519
518: 519 520
519: 517 518 520 521
520: 518 519 521 522
521: 519 520 522 523
522: 520 521 523 524
523: 521 522 524 525
524: 522 523 525 526 680
525: 523 524 526 527
526: 61 524 525 527
527: 472 525 526 528 529
528: 527 529 530
529: 495 527 528 531
530: 528 531 532
531: 336 529 530 532 533
532: 530 531 534 540
533: 531 534 535
534: 532 533 535 536
535: 533 534 536 537
536: 433 534 535 538
537: 535 538 539
538: 536 537 539 540
539: 537 538 540 541
540: 532 538 539 541 542
541: 539 540 542 543
542: 540 541 543 544
543: 541 542 544 545 973
544: 542 543 545 546
545: 543 544 546 547
546: 544 545 547 548
547: 545 546 548 549
548: 546 547 549 550
549: 547 548 550 551
550: 548 549 551 552
551: 549 550 552 553
552: 268 550 551 553
553: 551 552 554 555
554: 553 555 556
555: 553 554 556 557
556: 554 555 557 558
557: 555 556 558 559
558: 556 557 559 560
559: 557 558 560 561
560: 558 559 562 700
561: 559 562 563
562: 560 561 563 564
563: 561 562 564 565
564: 562 563 565 566
565: 386 563 564 567
566: 92 564 567 568
567: 565 566 568 569
568: 566 567 569 570 876
569: 243 567 568 586 911
570: 568 571 572
571: 570 572 573
572: 570 571 573 574
573: 571 572 575 705
574: 572 575 576
575: 573 574 576 577 838
576: 574 575 577 578
577: 575 576 578 579
578: 576 577 579 580
579: 577 578 580 914
580: 303 578 579 581
581: 29 580 582 583
582: 581 583 584
583: 581 582 584 585
584: 582 583 585 586
585: 583 584 586 587
586: 569 584 585 587 588
587: 585 586 588 589
588: 411 586 587 589 918
589: 587 588 590 591
590: 589 591 592
591: 589 590 592 593
592: 361 590 591 594
593: 591 595 909
594: 592 595 596
595: 320 593 594 597
596: 594 597 598
597: 595 596 598 599
598: 596 597 599 600
599: 597 598 600 601
600: 598 599 601 602
601: 599 600 602 603
602: 600 601 603 604
603: 601 602 604 605
604: 233 602 603 606 676
605: 603 606 607
606: 490 604 605 608
607: 17 605 608 609
608: 172 196 606 607 609
609: 48 607 608 611
610: 244 611 612
611: 609 610 612 613
612: 610 611 613 614 722
613: 209 611 612 614 615
614: 339 612 613 615
615: 613 614 616 617
616: 615 617 618
617: 615 616 618 619
618: 414 616 617 619 620
619: 617 618 620 621
620: 228 618 619 621
621: 619 620 622 623
622: 621 623 624
623: 217 621 622 830
624: 622 625 626
625: 314 624 626
626: 624 625 627 628
627: 626 629 726
628: 626 629 630
629: 627 628 630 631 901
630: 628 629 631 632
631: 629 630 632 633
632: 630 631 633 634
633: 631 632 634 635
634: 632 633 635 636
635: 633 634 636 637
636: 634 635 637 638
637: 635 636 638 639
638: 636 637 639 640
639: 637 638 640 641
640: 638 639 641 642
641: 639 640 642 643
642: 640 641 643 644
643: 641 642 644 645
644: 642 643 645 646
645: 643 644 646 647
646: 644 645 647 648
647: 645 646 649 875
648: 646 650 924
649: 647 650 651
650: 648 649 651 652
651: 649 650 652 653
652: 650 651 653 931
653: 651 652 654 655
654: 513 653 656
655: 653 656 657
656: 654 655 657 658
657: 3 287 655 656 659
658: 656 659 660
659: 657 658 660 661 757
660: 658 659 661 662
661: 659 660 662 663
662: 252 326 660 661 663
663: 661 662 664 665
664: 663 665 666
665: 469 663 664 666
666: 664 665 667 668
667: 666 668 669
668: 666 667 669 670
669: 667 668 670 671
670: 668 669 671 672
671: 669 670 672 673
672: 670 671 673 674
673: 671 672 674 807
674: 672 673 675 676
675: 674 676 677
676: 604 674 675 677 678
677: 675 676 678 679
678: 676 677 679 680
679: 677 678 680 681
680: 524 678 679 681
681: 679 680 682 683
682: 681 683 684
683: 681 682 684 685
684: 682 683 685 686
685: 385 683 684 686 687
686: 418 684 685 688
687: 685 688 689
688: 686 687 689 690
689: 687 688 690 691
690: 688 689 691 692
691: 689 690 692 701
692: 499 690 691 693 694
693: 692 694 695
694: 692 693 695 696
695: 693 694 696 697
696: 694 695 697 698
697: 24 695 696 699
698: 696 699 700
699: 697 698 700 701
700: 560 698 699 701 702
701: 691 699 700 702 703
702: 700 701 703 704
703: 701 702 704 705
704: 338 702 703 705
705: 179 573 703 704 706 707
706: 705 707 708
707: 705 706 708 709
708: 706 707 709 899
709: 707 708 710 711
710: 292 709 711 712 887
711: 709 710 712 713
712: 710 711 713 714
713: 711 712 714 715
714: 712 713 715 716
715: 713 714 716 717
716: 714 715 717 718
717: 715 716 718 719
718: 716 717 719 720
719: 717 718 720 721 809
720: 718 719 721 722
721: 719 720 722 723
722: 612 720 721 807
723: 416 721 724 725
724: 723 725 726
725: 723 724 726 727
726: 627 724 725 727 728 848
727: 725 726 728 729
728: 442 726 727 729
729: 727 728 730 731
730: 729 731 732 751
731: 48 729 730 733
732: 730 733 734
733: 429 731 732 734 735
734: 207 732 733 736
735: 733 736 737
736: 734 735 737 738
737: 735 736 738 739
738: 736 737 739 740
739: 737 738 740 741
740: 738 739 741 742
741: 119 739 740 742 743
742: 740 741 743 744 857
743: 741 742 744 745
744: 742 743 745 867
745: 743 744 746 747
746: 745 747 748
747: 745 746 748 749
748: 746 747 749 750
749: 747 748 750 751
750: 748 749 751 752
751: 730 749 750 752
752: 750 751 753 754
753: 752 754 755
754: 752 753 755 850
755: 182 753 754 756 757
756: 755 757 758
757: 659 755 756 758
758: 756 757 759 760
759: 758 760 761
760: 377 758 759 762
761: 759 762 763
762: 760 761 763 764
763: 761 762 764 765
764: 170 762 763 765 766
765: 763 764 766 767
766: 764 765 767 768
767: 765 766 768 769
768: 766 767 769 770
769: 767 768 770 771
770: 768 769 771 964
771: 769 770 772 773
772: 771 773 774
773: 771 772 774 775
774: 361 772 773 775
775: 139 773 774 776
776: 775 777 778
777: 776 778 779
778: 31 108 776 777 780
779: 777 780 781
780: 778 779 781 782
781: 779 780 782 783
782: 456 780 781 784
783: 2 781 785
784: 449 782 785 786
785: 783 784 786 787
786: 784 785 787 788
787: 785 786 788 789
788: 786 787 789 790
789: 787 788 790 791
790: 788 789 791 792
791: 789 790 792 793
792: 790 791 793 794
793: 791 792 794 795
794: 792 793 796 990
795: 793 796 797
796: 794 795 797 798
797: 795 796 798 799
798: 796 797 799 800
799: 501 797 798 800
800: 798 799 801 802
801: 800 802 803
802: 800 801 803 804
803: 374 801 802 804 805
804: 802 803 805 806
805: 803 804 806 807
806: 804 805 807 808
807: 673 722 805 806 808 809
808: 806 807 809 810
809: 719 807 808 811
810: 808 811 812
811: 127 809 810 812 813
812: 810 811 813 814
813: 811 812 814 815
814: 101 812 813 815 816
815: 813 814 816 817
816: 99 814 815 817 818
817: 815 816 818 819
818: 816 817 819 820
819: 817 818 820 821
820: 818 819 821 822
821: 117 819 820 822
822: 210 820 821 823 847
823: 822 824 825
824: 823 825 826
825: 823 824 826 827
826: 824 825 827 828
827: 825 826 828 829
828: 826 827 829 830
829: 827 828 830 831
830: 623 828 829 831 832
831: 829 830 832 833
832: 830 831 833 834
833: 330 831 832 835
834: 832 835 836
835: 833 834 836 837
836: 834 835 837 838
837: 835 836 838 839
838: 575 836 837 839
839: 418 837 838 840
840: 256 839 841 842
841: 840 842 843
842: 483 840 841 844
843: 841 844 845
844: 842 843 845 846
845: 174 843 844 846 847
846: 844 845 847 848
847: 822 845 846 848 849
848: 726 846 847 849
849: 847 848 850 851
850: 754 849 851 852
851: 849 850 852 853
852: 425 850 851 853
853: 851 852 854 855
854: 853 855 856
855: 853 854 856 857
856: 854 855 857 858
857: 742 855 856 859
858: 856 859 860
859: 335 857 858 860 861
860: 858 859 861 862
861: 859 860 862 863
862: 860 861 863 864 959
863: 861 862 864 865
864: 862 863 865 866
865: 863 864 866 910
866: 864 865 868 989
867: 744 868 869
868: 866 867 869 870
869: 867 868 870 871
870: 437 868 869 871 872
871: 869 870 872 873
872: 870 871 873 874
873: 871 872 874 875
874: 872 873 875 876
875: 647 873 874 876 877
876: 568 874 875 877
877: 875 876 878 879
878: 877 879 880
879: 877 878 880 881
880: 878 879 881 882
881: 879 880 882 883
882: 227 880 881 883
883: 881 882 884 885
884: 112 883 885 886
885: 144 883 884 887
886: 884 887 888
887: 175 710 885 886
888: 886 889 890
889: 888 890 891
890: 888 889 891 892
891: 889 890 892 893
892: 207 890 891 893 894
893: 891 892 894 895
894: 892 893 895 896
895: 320 893 894 897
896: 202 894 897 898
897: 895 896 898 899
898: 896 897 899 900
899: 708 897 898 900 901
900: 898 899 901 902
901: 459 629 899 900
902: 900 903 904
903: 275 902 905
904: 902 905 906
905: 903 904 906 907
906: 327 904 905 907 908
907: 85 114 905 906 909
908: 906 909 910
909: 593 907 908 910 911
910: 68 173 865 908 909 912
911: 569 909 912
912: 345 910 911 913 914
913: 912 914 915
914: 439 579 912 913 915 916
915: 913 914 916 917
916: 914 915 917 918
917: 915 916 918 919
918: 588 916 917 919 920
919: 917 918 920 921
920: 918 919 921 922
921: 479 919 920 923
922: 920 923 924
923: 921 922 924 925
924: 648 922 923 925 926
925: 923 924 926 927
926: 924 925 927 928
927: 925 926 928 929
928: 926 927 929 930
929: 927 928 930 931
930: 928 929 931 932
931: 652 929 930 932 933
932: 930 931 933 934
933: 931 932 934 935 986
934: 60 932 933 936
935: 933 936 937
936: 237 934 935 938
937: 935 938 939
938: 936 937 939 940
939: 937 938 940 941
940: 938 939 941 942
941: 939 940 942 943
942: 940 941 943 944
943: 941 942 944 945
944: 942 943 945 946
945: 16 943 944 946 947
946: 944 945 947 948
947: 945 946 948 949
948: 946 947 949 950
949: 947 948 950 951
950: 313 948 949 951 952
951: 253 949 950 952
952: 471 950 951 953
953: 177 952 954 955
954: 953 955 956
955: 953 954 956 957
956: 954 955 957 958
957: 955 956 958 959
958: 956 957 959 960
959: 862 957 958 960
960: 958 959 961 962
961: 960 962 963
962: 960 961 963 964
963: 961 962 964 965
964: 770 962 963 965 966
965: 129 963 964 966 967
966: 964 965 967 968
967: 965 966 968 986
968: 966 967 969 970
969: 968 970 971
970: 104 968 969 971 972
971: 969 970 972 973
972: 268 435 970 971 974
973: 543 971 974
974: 972 973 975 976
975: 974 976 977
976: 174 974 975 977 978
977: 975 976 978 979
978: 976 977 979 980
979: 977 978 980 981
980: 978 979 981 982
981: 979 980 982 983
982: 980 981 983 984
983: 981 982 984 985
984: 982 983 985 986
985: 259 983 984 986 987
986: 285 933 967 984 985 988
987: 350 985 988 989
988: 986 987 989 990
989: 866 987 988 990 991
990: 794 988 989 991 992
991: 494 989 990 992 993
992: 990 991 993 994
993: 991 992 994 995
994: 992 993 995 996
995: 993 994 996 997
996: 994 995 997 998
997: 995 996 998 999
998: 0 996 997 999
999: 0 1 997 998
